The name of the group of features (+MFCC): sroll (column 86-86)
Confusion Matrix:
[[266   4   0   2  60   0   1   0]
 [  5 342   2   0   0   0   0   1]
 [  3  35  54   4  15  17   3   6]
 [  0  16   0 197   2   4   2   1]
 [142   3   1   4 129   2  29  15]
 [  0   1   0   6   1 210   0   4]
 [ 11   0   0   4   1   0 307   5]
 [  0   0   0   0   0   0   5 311]]
Classfication report:
             precision    recall  f1-score   support

        0.0       0.62      0.80      0.70       333
        1.0       0.85      0.98      0.91       350
        2.0       0.95      0.39      0.56       137
        3.0       0.91      0.89      0.90       222
        4.0       0.62      0.40      0.48       325
        5.0       0.90      0.95      0.92       222
        6.0       0.88      0.94      0.91       328
        7.0       0.91      0.98      0.94       316

avg / total       0.81      0.81      0.80      2233
The training accuracy is 0.812079246009
Cross Validation:
[ 0.80114723  0.82409178  0.80688337  0.79349904  0.77777778  0.79961464
  0.83236994  0.77369439  0.82524272  0.81747573].
############################################################################
The name of the group of features (+MFCC): sfpb (column 322-344)
Confusion Matrix:
[[317   0   0   0  14   0   2   0]
 [  0 350   0   0   0   0   0   0]
 [  3   1 133   0   0   0   0   0]
 [  0   0   0 220   1   1   0   0]
 [  9   0   0   0 306   0  10   0]
 [  0   0   0   0   6 216   0   0]
 [  2   0   0   0   7   0 319   0]
 [  0   0   0   0   0   0   0 316]]
Classfication report:
             precision    recall  f1-score   support

        0.0       0.96      0.95      0.95       333
        1.0       1.00      1.00      1.00       350
        2.0       1.00      0.97      0.99       137
        3.0       1.00      0.99      1.00       222
        4.0       0.92      0.94      0.93       325
        5.0       1.00      0.97      0.98       222
        6.0       0.96      0.97      0.97       328
        7.0       1.00      1.00      1.00       316

avg / total       0.98      0.97      0.98      2233
The training accuracy is 0.980573187151
Cross Validation:
[ 0.96749522  0.96940727  0.9789675   0.97323136  0.98084291  0.97495183
  0.97109827  0.96131528  0.97281553  0.96893204].
############################################################################
The name of the group of features (+MFCC): sf (column 921-921)
Confusion Matrix:
[[255   0   0   0  76   0   2   0]
 [  0 348   0   0   2   0   0   0]
 [ 13   0 112   1   7   3   1   0]
 [  1   0   1 214   2   4   0   0]
 [ 91   2   2   1 220   1   8   0]
 [  0   0   3   2   0 217   0   0]
 [  8   0   0   1  11   0 308   0]
 [  0   0   0   0   0   0   0 316]]
Classfication report:
             precision    recall  f1-score   support

        0.0       0.69      0.77      0.73       333
        1.0       0.99      0.99      0.99       350
        2.0       0.95      0.82      0.88       137
        3.0       0.98      0.96      0.97       222
        4.0       0.69      0.68      0.68       325
        5.0       0.96      0.98      0.97       222
        6.0       0.97      0.94      0.95       328
        7.0       1.00      1.00      1.00       316

avg / total       0.89      0.89      0.89      2233
The training accuracy is 0.892286978265
Cross Validation:
[ 0.88910134  0.90248566  0.8833652   0.87571702  0.90996169  0.89595376
  0.87475915  0.86460348  0.89902913  0.88349515].
############################################################################
The name of the group of features (+MFCC): frame (column 923-1945)
Confusion Matrix:
[[227   2   3   0  94   3   3   1]
 [  6 333   8   0   3   0   0   0]
 [  3  12 110   1  10   1   0   0]
 [  0   3   1 212   3   3   0   0]
 [125   8   2   2 164   0  17   7]
 [  1   0   4   2   1 212   0   2]
 [  7   0   0   1  10   0 309   1]
 [  0   0   0   0   0   0   0 316]]
Classfication report:
             precision    recall  f1-score   support

        0.0       0.62      0.68      0.65       333
        1.0       0.93      0.95      0.94       350
        2.0       0.86      0.80      0.83       137
        3.0       0.97      0.95      0.96       222
        4.0       0.58      0.50      0.54       325
        5.0       0.97      0.95      0.96       222
        6.0       0.94      0.94      0.94       328
        7.0       0.97      1.00      0.98       316

avg / total       0.84      0.84      0.84      2233
The training accuracy is 0.895364493172
Cross Validation:
[ 0.82600382  0.8374761   0.84130019  0.81835564  0.84482759  0.85356455
  0.84971098  0.81624758  0.81941748  0.85048544].
############################################################################
The name of the group of features (+MFCC): sss (column 859-862)
Confusion Matrix:
[[272   1   0   0  59   0   1   0]
 [  0 350   0   0   0   0   0   0]
 [  6   0 126   0   5   0   0   0]
 [  1   1   1 216   1   2   0   0]
 [ 87   1   4   1 218   4  10   0]
 [  0   0   1   0   2 219   0   0]
 [  7   0   0   2   8   0 311   0]
 [  0   0   0   0   0   0   0 316]]
Classfication report:
             precision    recall  f1-score   support

        0.0       0.73      0.82      0.77       333
        1.0       0.99      1.00      1.00       350
        2.0       0.95      0.92      0.94       137
        3.0       0.99      0.97      0.98       222
        4.0       0.74      0.67      0.71       325
        5.0       0.97      0.99      0.98       222
        6.0       0.97      0.95      0.96       328
        7.0       1.00      1.00      1.00       316

avg / total       0.91      0.91      0.91      2233
The training accuracy is 0.90902096557
Cross Validation:
[ 0.89483748  0.91204589  0.9082218   0.89483748  0.91762452  0.91907514
  0.88824663  0.88781431  0.90873786  0.90679612].
############################################################################
The name of the group of features (+MFCC): sflux (column 132-132)
Confusion Matrix:
[[239   2   2   0  85   2   2   1]
 [  1 344   3   0   2   0   0   0]
 [  6  11 108   0  10   1   1   0]
 [  1   3   3 211   2   2   0   0]
 [102   6   3   2 199   0   8   5]
 [  1   0   5   1   2 211   0   2]
 [  9   0   0   1  10   0 306   2]
 [  0   0   0   0   1   0   0 315]]
Classfication report:
             precision    recall  f1-score   support

        0.0       0.67      0.72      0.69       333
        1.0       0.94      0.98      0.96       350
        2.0       0.87      0.79      0.83       137
        3.0       0.98      0.95      0.97       222
        4.0       0.64      0.61      0.63       325
        5.0       0.98      0.95      0.96       222
        6.0       0.97      0.93      0.95       328
        7.0       0.97      1.00      0.98       316

avg / total       0.87      0.87      0.87      2233
The training accuracy is 0.861511829198
Cross Validation:
[ 0.85277247  0.86806883  0.86424474  0.83938815  0.87547893  0.86127168
  0.85934489  0.82591876  0.85631068  0.87378641].
############################################################################
The name of the group of features (+MFCC): psp (column 873-873)
Confusion Matrix:
[[295   2   0   0  32   1   2   1]
 [  2 344   3   0   1   0   0   0]
 [  9   9 106   0  10   2   1   0]
 [  2   3   0 212   1   4   0   0]
 [ 94   7   2   3 208   0   6   5]
 [  0   0   4   2   2 213   0   1]
 [  4   0   0   1  11   0 310   2]
 [  0   0   0   0   1   0   0 315]]
Classfication report:
             precision    recall  f1-score   support

        0.0       0.73      0.89      0.80       333
        1.0       0.94      0.98      0.96       350
        2.0       0.92      0.77      0.84       137
        3.0       0.97      0.95      0.96       222
        4.0       0.78      0.64      0.70       325
        5.0       0.97      0.96      0.96       222
        6.0       0.97      0.95      0.96       328
        7.0       0.97      1.00      0.98       316

avg / total       0.90      0.90      0.90      2233
The training accuracy is 0.892094633583
Cross Validation:
[ 0.87380497  0.90248566  0.89674952  0.88718929  0.87739464  0.91136802
  0.87283237  0.86266925  0.8815534   0.89708738].
############################################################################
The name of the group of features (+MFCC): ess (column 87-90)
Confusion Matrix:
[[228   2   0   0 101   0   1   1]
 [  2 346   1   0   1   0   0   0]
 [  4   2 121   0   7   3   0   0]
 [  1   3   2 211   1   4   0   0]
 [102   6   1   2 198   0  10   6]
 [  1   0   5   3   0 211   0   2]
 [  9   0   0   1   7   0 309   2]
 [  0   0   1   0   1   0   0 314]]
Classfication report:
             precision    recall  f1-score   support

        0.0       0.66      0.68      0.67       333
        1.0       0.96      0.99      0.98       350
        2.0       0.92      0.88      0.90       137
        3.0       0.97      0.95      0.96       222
        4.0       0.63      0.61      0.62       325
        5.0       0.97      0.95      0.96       222
        6.0       0.97      0.94      0.95       328
        7.0       0.97      0.99      0.98       316

avg / total       0.87      0.87      0.87      2233
The training accuracy is 0.861127139835
Cross Validation:
[ 0.84512428  0.87954111  0.8623327   0.82791587  0.87931034  0.85356455
  0.86127168  0.83752418  0.86601942  0.86407767].
############################################################################
The name of the group of features (+MFCC): sd (column 922-922)
Confusion Matrix:
[[303   2   0   0  27   0   0   1]
 [  1 345   4   0   0   0   0   0]
 [  4  12 111   1   7   1   1   0]
 [  0   3   0 212   3   4   0   0]
 [ 99   8   6   2 197   0   9   4]
 [  0   0   6   2   0 213   0   1]
 [  2   2   0   1  12   0 311   0]
 [  0   0   0   0   1   0   0 315]]
Classfication report:
             precision    recall  f1-score   support

        0.0       0.74      0.91      0.82       333
        1.0       0.93      0.99      0.96       350
        2.0       0.87      0.81      0.84       137
        3.0       0.97      0.95      0.96       222
        4.0       0.80      0.61      0.69       325
        5.0       0.98      0.96      0.97       222
        6.0       0.97      0.95      0.96       328
        7.0       0.98      1.00      0.99       316

avg / total       0.90      0.90      0.90      2233
The training accuracy is 0.894787459127
Cross Validation:
[ 0.88718929  0.89674952  0.91204589  0.87954111  0.88888889  0.90558767
  0.8805395   0.88201161  0.88543689  0.90097087].
############################################################################
The name of the group of features (+MFCC): env (column 133-296)
Confusion Matrix:
[[288   2   0   0  40   0   3   0]
 [  0 347   0   0   3   0   0   0]
 [  9   3 117   1   3   3   1   0]
 [  2   0   1 214   1   3   1   0]
 [103   4   2   0 204   1  11   0]
 [  0   0   5   1   0 216   0   0]
 [  7   0   0   1   8   0 312   0]
 [  0   0   0   0   0   0   0 316]]
Classfication report:
             precision    recall  f1-score   support

        0.0       0.70      0.86      0.78       333
        1.0       0.97      0.99      0.98       350
        2.0       0.94      0.85      0.89       137
        3.0       0.99      0.96      0.97       222
        4.0       0.79      0.63      0.70       325
        5.0       0.97      0.97      0.97       222
        6.0       0.95      0.95      0.95       328
        7.0       1.00      1.00      1.00       316

avg / total       0.91      0.90      0.90      2233
The training accuracy is 0.915560684747
Cross Validation:
[ 0.89866157  0.91013384  0.91778203  0.89483748  0.90613027  0.89210019
  0.86127168  0.88974855  0.90679612  0.91067961].
############################################################################
The name of the group of features (+MFCC): sv (column 910-910)
Confusion Matrix:
[[287   2   3   0  36   1   3   1]
 [  1 344   3   0   2   0   0   0]
 [  8   9 107   0  12   1   0   0]
 [  1   3   2 211   3   2   0   0]
 [ 93   7   5   2 209   0   4   5]
 [  0   0   5   2   2 211   0   2]
 [  7   0   0   1   7   0 313   0]
 [  0   0   0   0   1   0   0 315]]
Classfication report:
             precision    recall  f1-score   support

        0.0       0.72      0.86      0.79       333
        1.0       0.94      0.98      0.96       350
        2.0       0.86      0.78      0.82       137
        3.0       0.98      0.95      0.96       222
        4.0       0.77      0.64      0.70       325
        5.0       0.98      0.95      0.97       222
        6.0       0.98      0.95      0.97       328
        7.0       0.98      1.00      0.99       316

avg / total       0.90      0.89      0.89      2233
The training accuracy is 0.889978842085
Cross Validation:
[ 0.87380497  0.89292543  0.89483748  0.88527725  0.88122605  0.89595376
  0.87283237  0.85880077  0.88349515  0.89708738].
############################################################################
The name of the group of features (+MFCC): obsir (column 67-75)
Confusion Matrix:
[[282   0   0   0  50   0   1   0]
 [  0 350   0   0   0   0   0   0]
 [  1   0 135   0   1   0   0   0]
 [  1   0   0 215   4   2   0   0]
 [ 77   0   1   3 230   0  12   2]
 [  0   0   0   0   1 221   0   0]
 [  7   0   0   1   4   0 316   0]
 [  0   0   0   0   1   0   0 315]]
Classfication report:
             precision    recall  f1-score   support

        0.0       0.77      0.85      0.80       333
        1.0       1.00      1.00      1.00       350
        2.0       0.99      0.99      0.99       137
        3.0       0.98      0.97      0.98       222
        4.0       0.79      0.71      0.75       325
        5.0       0.99      1.00      0.99       222
        6.0       0.96      0.96      0.96       328
        7.0       0.99      1.00      1.00       316

avg / total       0.92      0.92      0.92      2233
The training accuracy is 0.932487016734
Cross Validation:
[ 0.9292543   0.93690249  0.92543021  0.91586998  0.9348659   0.94026975
  0.92100193  0.91682785  0.92038835  0.90679612].
############################################################################
The name of the group of features (+MFCC): scfp (column 887-909)
Confusion Matrix:
[[322   0   0   0  10   0   1   0]
 [  0 349   1   0   0   0   0   0]
 [  3   3 130   0   1   0   0   0]
 [  3   1   0 216   1   1   0   0]
 [  8   1   0   6 303   0   7   0]
 [  0   0   0   0   0 222   0   0]
 [  2   0   0   1   5   0 320   0]
 [  0   0   0   0   0   0   0 316]]
Classfication report:
             precision    recall  f1-score   support

        0.0       0.95      0.97      0.96       333
        1.0       0.99      1.00      0.99       350
        2.0       0.99      0.95      0.97       137
        3.0       0.97      0.97      0.97       222
        4.0       0.95      0.93      0.94       325
        5.0       1.00      1.00      1.00       222
        6.0       0.98      0.98      0.98       328
        7.0       1.00      1.00      1.00       316

avg / total       0.98      0.98      0.98      2233
The training accuracy is 0.974995191383
Cross Validation:
[ 0.95984704  0.96175908  0.97705545  0.96749522  0.97701149  0.9672447
  0.96917148  0.96324952  0.94951456  0.97669903].
############################################################################
The name of the group of features (+MFCC): tss (column 911-914)
Confusion Matrix:
[[282   5   0   0  43   0   3   0]
 [  4 344   2   0   0   0   0   0]
 [  6  11 103   1  10   5   1   0]
 [  0   5   1 210   1   4   1   0]
 [123   6   2   4 168   1  15   6]
 [  0   0   4   4   1 211   0   2]
 [  2   0   0   2  10   0 312   2]
 [  0   0   0   0   1   0   0 315]]
Classfication report:
             precision    recall  f1-score   support

        0.0       0.68      0.85      0.75       333
        1.0       0.93      0.98      0.95       350
        2.0       0.92      0.75      0.83       137
        3.0       0.95      0.95      0.95       222
        4.0       0.72      0.52      0.60       325
        5.0       0.95      0.95      0.95       222
        6.0       0.94      0.95      0.95       328
        7.0       0.97      1.00      0.98       316

avg / total       0.87      0.87      0.87      2233
The training accuracy is 0.872667820735
Cross Validation:
[ 0.87189293  0.87571702  0.87571702  0.84512428  0.87356322  0.87668593
  0.85741811  0.84139265  0.86407767  0.87572816].
############################################################################
The name of the group of features (+MFCC): cdod (column 918-918)
Confusion Matrix:
[[276   1   0   0  53   1   2   0]
 [  1 346   0   0   3   0   0   0]
 [  8   0 122   1   3   2   1   0]
 [  0   0   1 214   0   4   3   0]
 [ 94   1   2   1 215   0  12   0]
 [  0   0   5   0   0 216   0   1]
 [  8   0   0   1   9   0 310   0]
 [  0   0   0   0   0   0   0 316]]
Classfication report:
             precision    recall  f1-score   support

        0.0       0.71      0.83      0.77       333
        1.0       0.99      0.99      0.99       350
        2.0       0.94      0.89      0.91       137
        3.0       0.99      0.96      0.97       222
        4.0       0.76      0.66      0.71       325
        5.0       0.97      0.97      0.97       222
        6.0       0.95      0.95      0.95       328
        7.0       1.00      1.00      1.00       316

avg / total       0.90      0.90      0.90      2233
The training accuracy is 0.895941527217
Cross Validation:
[ 0.89101338  0.89483748  0.89866157  0.87762906  0.90421456  0.89595376
  0.87475915  0.87427466  0.88349515  0.92038835].
############################################################################
The name of the group of features (+MFCC): obsi (column 76-85)
Confusion Matrix:
[[296   0   0   0  36   0   1   0]
 [  0 350   0   0   0   0   0   0]
 [  0   0 137   0   0   0   0   0]
 [  1   0   0 218   2   1   0   0]
 [ 62   0   0   1 251   0  11   0]
 [  0   0   0   1   1 220   0   0]
 [  2   0   0   1   6   0 319   0]
 [  0   0   0   0   0   0   0 316]]
Classfication report:
             precision    recall  f1-score   support

        0.0       0.82      0.89      0.85       333
        1.0       1.00      1.00      1.00       350
        2.0       1.00      1.00      1.00       137
        3.0       0.99      0.98      0.98       222
        4.0       0.85      0.77      0.81       325
        5.0       1.00      0.99      0.99       222
        6.0       0.96      0.97      0.97       328
        7.0       1.00      1.00      1.00       316

avg / total       0.94      0.94      0.94      2233
The training accuracy is 0.944989421043
Cross Validation:
[ 0.93690249  0.95028681  0.94072658  0.95219885  0.94827586  0.94026975
  0.91714836  0.94777563  0.93398058  0.92427184].
############################################################################
The name of the group of features (+MFCC): hi (column 863-872)
Confusion Matrix:
[[268   1   2   0  58   1   3   0]
 [  2 344   0   0   4   0   0   0]
 [  3   3 123   0   6   1   1   0]
 [  0   0   0 216   1   5   0   0]
 [ 96   7   1   4 208   0   9   0]
 [  0   0   5   1   0 215   0   1]
 [  8   0   0   1   6   0 313   0]
 [  0   0   0   0   0   0   0 316]]
Classfication report:
             precision    recall  f1-score   support

        0.0       0.71      0.80      0.75       333
        1.0       0.97      0.98      0.98       350
        2.0       0.94      0.90      0.92       137
        3.0       0.97      0.97      0.97       222
        4.0       0.73      0.64      0.68       325
        5.0       0.97      0.97      0.97       222
        6.0       0.96      0.95      0.96       328
        7.0       1.00      1.00      1.00       316

avg / total       0.90      0.90      0.90      2233
The training accuracy is 0.890940565493
Cross Validation:
[ 0.8833652   0.90248566  0.89483748  0.86806883  0.89463602  0.88246628
  0.89017341  0.86847195  0.88932039  0.90097087].
############################################################################
The name of the group of features (+MFCC): mags (column 346-858)
Confusion Matrix:
[[327   0   0   0   6   0   0   0]
 [  2 348   0   0   0   0   0   0]
 [  0   0 137   0   0   0   0   0]
 [  1   0   0 221   0   0   0   0]
 [ 14   1   0   2 298   3   7   0]
 [  0   0   0   1   0 220   0   1]
 [  1   0   0   1   3   0 323   0]
 [  0   0   0   0   0   0   0 316]]
Classfication report:
             precision    recall  f1-score   support

        0.0       0.95      0.98      0.96       333
        1.0       1.00      0.99      1.00       350
        2.0       1.00      1.00      1.00       137
        3.0       0.98      1.00      0.99       222
        4.0       0.97      0.92      0.94       325
        5.0       0.99      0.99      0.99       222
        6.0       0.98      0.98      0.98       328
        7.0       1.00      1.00      1.00       316

avg / total       0.98      0.98      0.98      2233
The training accuracy is 0.997499519138
Cross Validation:
[ 0.96749522  0.99043977  0.98661568  0.9789675   0.97126437  0.97495183
  0.96917148  0.97678917  0.97669903  0.98058252].
############################################################################
The name of the group of features (+MFCC): psh (column 345-345)
Confusion Matrix:
[[237   3   0   0  89   0   3   1]
 [  0 345   2   0   3   0   0   0]
 [  8  13 107   1   8   0   0   0]
 [  2   5   2 210   2   1   0   0]
 [102   8   1   2 193   4   8   7]
 [  0   0   1   0   2 218   0   1]
 [  8   0   0   1   7   0 312   0]
 [  0   0   0   0   2   0   0 314]]
Classfication report:
             precision    recall  f1-score   support

        0.0       0.66      0.71      0.69       333
        1.0       0.92      0.99      0.95       350
        2.0       0.95      0.78      0.86       137
        3.0       0.98      0.95      0.96       222
        4.0       0.63      0.59      0.61       325
        5.0       0.98      0.98      0.98       222
        6.0       0.97      0.95      0.96       328
        7.0       0.97      0.99      0.98       316

avg / total       0.87      0.87      0.87      2233
The training accuracy is 0.879399884593
Cross Validation:
[ 0.86998088  0.88718929  0.88145315  0.84703633  0.87739464  0.89402697
  0.87283237  0.84719536  0.86796117  0.89126214].
############################################################################
The name of the group of features (+MFCC): mfcc_only 
Confusion Matrix:
[[226   2   0   0 101   1   2   1]
 [  2 344   3   0   1   0   0   0]
 [  6  15 102   1  11   1   1   0]
 [  1   3   2 211   2   3   0   0]
 [103   7   2   2 196   0   9   6]
 [  1   0   5   1   0 213   0   2]
 [  9   0   0   1   9   0 307   2]
 [  0   0   0   0   1   0   0 315]]
Classfication report:
             precision    recall  f1-score   support

        0.0       0.65      0.68      0.66       333
        1.0       0.93      0.98      0.95       350
        2.0       0.89      0.74      0.81       137
        3.0       0.98      0.95      0.96       222
        4.0       0.61      0.60      0.61       325
        5.0       0.98      0.96      0.97       222
        6.0       0.96      0.94      0.95       328
        7.0       0.97      1.00      0.98       316

avg / total       0.86      0.86      0.86      2233
The training accuracy is 0.852279284478
Cross Validation:
[ 0.82982792  0.8585086   0.85468451  0.81835564  0.86015326  0.85549133
  0.85549133  0.82011605  0.85242718  0.86601942].
############################################################################
The name of the group of features (+MFCC): lx (column 298-321)
Confusion Matrix:
[[299   1   0   0  33   0   0   0]
 [  0 349   1   0   0   0   0   0]
 [  1   0 134   0   2   0   0   0]
 [  0   0   0 218   4   0   0   0]
 [ 32   1   5   2 276   1   8   0]
 [  0   0   0   0   1 221   0   0]
 [  2   0   0   0   3   0 323   0]
 [  0   0   0   0   0   0   0 316]]
Classfication report:
             precision    recall  f1-score   support

        0.0       0.90      0.90      0.90       333
        1.0       0.99      1.00      1.00       350
        2.0       0.96      0.98      0.97       137
        3.0       0.99      0.98      0.99       222
        4.0       0.87      0.85      0.86       325
        5.0       1.00      1.00      1.00       222
        6.0       0.98      0.98      0.98       328
        7.0       1.00      1.00      1.00       316

avg / total       0.96      0.96      0.96      2233
The training accuracy is 0.964800923254
Cross Validation:
[ 0.95793499  0.95984704  0.96940727  0.95028681  0.96168582  0.95953757
  0.95568401  0.94390716  0.94563107  0.97281553].
############################################################################
The name of the group of features (+MFCC): ac (column 10-58)
Confusion Matrix:
[[286   3   4   0  34   3   3   0]
 [  4 342   0   0   3   1   0   0]
 [  5   0 124   1   5   1   1   0]
 [  1   0   1 215   1   3   1   0]
 [ 91   4   0   0 215   1  14   0]
 [  0   0   3   0   1 218   0   0]
 [  6   0   0   0   4   0 318   0]
 [  0   0   0   0   1   0   0 315]]
Classfication report:
             precision    recall  f1-score   support

        0.0       0.73      0.86      0.79       333
        1.0       0.98      0.98      0.98       350
        2.0       0.94      0.91      0.92       137
        3.0       1.00      0.97      0.98       222
        4.0       0.81      0.66      0.73       325
        5.0       0.96      0.98      0.97       222
        6.0       0.94      0.97      0.96       328
        7.0       1.00      1.00      1.00       316

avg / total       0.91      0.91      0.91      2233
The training accuracy is 0.922869782651
Cross Validation:
[ 0.91013384  0.91586998  0.91395793  0.90630975  0.90613027  0.91136802
  0.89788054  0.89555126  0.90679612  0.91067961].
############################################################################
The name of the group of features (+MFCC): mels (column 92-131)
Confusion Matrix:
[[296   0   2   0  32   0   3   0]
 [  3 346   0   0   1   0   0   0]
 [  2   0 132   0   2   0   1   0]
 [  1   0   1 216   1   3   0   0]
 [ 68   0   0   0 247   0  10   0]
 [  0   0   2   3   1 216   0   0]
 [  5   0   0   0   2   0 321   0]
 [  0   0   0   0   0   0   0 316]]
Classfication report:
             precision    recall  f1-score   support

        0.0       0.79      0.89      0.84       333
        1.0       1.00      0.99      0.99       350
        2.0       0.96      0.96      0.96       137
        3.0       0.99      0.97      0.98       222
        4.0       0.86      0.76      0.81       325
        5.0       0.99      0.97      0.98       222
        6.0       0.96      0.98      0.97       328
        7.0       1.00      1.00      1.00       316

avg / total       0.94      0.94      0.94      2233
The training accuracy is 0.939026735911
Cross Validation:
[ 0.91778203  0.9292543   0.94455067  0.91969407  0.94827586  0.92870906
  0.91136802  0.91295938  0.90679612  0.94563107].
############################################################################
The name of the group of features (+MFCC): am (column 59-66)
Confusion Matrix:
[[288   2   1   0  39   1   2   0]
 [  1 348   0   0   1   0   0   0]
 [  9   0 127   0   0   1   0   0]
 [  2   1   0 216   0   3   0   0]
 [ 91   7   2   0 212   1  10   2]
 [  1   0   2   4   0 215   0   0]
 [  6   0   0   2   6   0 314   0]
 [  0   0   0   0   0   0   0 316]]
Classfication report:
             precision    recall  f1-score   support

        0.0       0.72      0.86      0.79       333
        1.0       0.97      0.99      0.98       350
        2.0       0.96      0.93      0.94       137
        3.0       0.97      0.97      0.97       222
        4.0       0.82      0.65      0.73       325
        5.0       0.97      0.97      0.97       222
        6.0       0.96      0.96      0.96       328
        7.0       0.99      1.00      1.00       316

avg / total       0.91      0.91      0.91      2233
The training accuracy is 0.917676476245
Cross Validation:
[ 0.91395793  0.92734226  0.91586998  0.91204589  0.92337165  0.90366089
  0.89595376  0.90909091  0.91456311  0.91262136].
############################################################################
The name of the group of features (+MFCC): energy (column 297-297)
Confusion Matrix:
[[289   1   0   0  39   1   3   0]
 [  1 344   0   0   5   0   0   0]
 [ 10   5 117   1   2   1   1   0]
 [  2   0   1 215   0   3   1   0]
 [ 91   4   1   2 214   0  10   3]
 [  0   0   5   0   1 216   0   0]
 [  9   0   0   1   7   0 311   0]
 [  0   0   0   0   0   0   0 316]]
Classfication report:
             precision    recall  f1-score   support

        0.0       0.72      0.87      0.79       333
        1.0       0.97      0.98      0.98       350
        2.0       0.94      0.85      0.90       137
        3.0       0.98      0.97      0.98       222
        4.0       0.80      0.66      0.72       325
        5.0       0.98      0.97      0.98       222
        6.0       0.95      0.95      0.95       328
        7.0       0.99      1.00      1.00       316

avg / total       0.91      0.91      0.90      2233
The training accuracy is 0.902673591075
Cross Validation:
[ 0.89866157  0.91013384  0.90439771  0.88910134  0.90229885  0.89017341
  0.88246628  0.88588008  0.89902913  0.92621359].
############################################################################
The name of the group of features (+MFCC): derivate (column 91-91)
Confusion Matrix:
[[226   2   0   0 101   1   2   1]
 [  2 344   3   0   1   0   0   0]
 [  6  15 102   1  11   1   1   0]
 [  1   3   2 211   2   3   0   0]
 [103   7   2   2 196   0   9   6]
 [  1   0   5   1   0 213   0   2]
 [  9   0   0   1   9   0 307   2]
 [  0   0   0   0   1   0   0 315]]
Classfication report:
             precision    recall  f1-score   support

        0.0       0.65      0.68      0.66       333
        1.0       0.93      0.98      0.95       350
        2.0       0.89      0.74      0.81       137
        3.0       0.98      0.95      0.96       222
        4.0       0.61      0.60      0.61       325
        5.0       0.98      0.96      0.97       222
        6.0       0.96      0.94      0.95       328
        7.0       0.97      1.00      0.98       316

avg / total       0.86      0.86      0.86      2233
The training accuracy is 0.852279284478
Cross Validation:
[ 0.82982792  0.8585086   0.85468451  0.81835564  0.86015326  0.85549133
  0.85549133  0.82011605  0.85242718  0.86601942].
############################################################################
The name of the group of features (+MFCC): si (column 915-915)
Confusion Matrix:
[[226   2   0   0 101   1   2   1]
 [  2 344   3   0   1   0   0   0]
 [  6  15 102   1  11   1   1   0]
 [  1   3   2 211   2   3   0   0]
 [103   7   2   2 196   0   9   6]
 [  1   0   5   1   0 213   0   2]
 [  9   0   0   1   9   0 307   2]
 [  0   0   0   0   1   0   0 315]]
Classfication report:
             precision    recall  f1-score   support

        0.0       0.65      0.68      0.66       333
        1.0       0.93      0.98      0.95       350
        2.0       0.89      0.74      0.81       137
        3.0       0.98      0.95      0.96       222
        4.0       0.61      0.60      0.61       325
        5.0       0.98      0.96      0.97       222
        6.0       0.96      0.94      0.95       328
        7.0       0.97      1.00      0.98       316

avg / total       0.86      0.86      0.86      2233
The training accuracy is 0.852279284478
Cross Validation:
[ 0.82982792  0.8585086   0.85468451  0.81835564  0.86015326  0.85549133
  0.85549133  0.82011605  0.85242718  0.86601942].
############################################################################
The name of the group of features (+MFCC): lpc (column 919-920)
Confusion Matrix:
[[235   2   0   0  91   3   2   0]
 [  1 342   5   0   2   0   0   0]
 [  5   9 115   0   7   1   0   0]
 [  1   4   1 211   4   1   0   0]
 [111   6   3   2 191   0  10   2]
 [  0   0   1   0   2 219   0   0]
 [  6   0   0   1  10   0 311   0]
 [  0   0   0   0   1   0   0 315]]
Classfication report:
             precision    recall  f1-score   support

        0.0       0.65      0.71      0.68       333
        1.0       0.94      0.98      0.96       350
        2.0       0.92      0.84      0.88       137
        3.0       0.99      0.95      0.97       222
        4.0       0.62      0.59      0.60       325
        5.0       0.98      0.99      0.98       222
        6.0       0.96      0.95      0.96       328
        7.0       0.99      1.00      1.00       316

avg / total       0.87      0.87      0.87      2233
The training accuracy is 0.869013271783
Cross Validation:
[ 0.85277247  0.87954111  0.88718929  0.84512428  0.88314176  0.86127168
  0.87475915  0.83365571  0.85631068  0.86990291].
############################################################################
The name of the group of features (+MFCC): lsf (column 0-9)
Confusion Matrix:
[[306   0   0   0  25   0   2   0]
 [  1 349   0   0   0   0   0   0]
 [  5   0 131   0   1   0   0   0]
 [  0   1   0 219   1   0   1   0]
 [ 28   0   1   1 287   1   6   1]
 [  0   0   1   0   2 219   0   0]
 [  2   0   0   1   4   0 321   0]
 [  0   0   0   0   0   0   0 316]]
Classfication report:
             precision    recall  f1-score   support

        0.0       0.89      0.92      0.91       333
        1.0       1.00      1.00      1.00       350
        2.0       0.98      0.96      0.97       137
        3.0       0.99      0.99      0.99       222
        4.0       0.90      0.88      0.89       325
        5.0       1.00      0.99      0.99       222
        6.0       0.97      0.98      0.98       328
        7.0       1.00      1.00      1.00       316

avg / total       0.96      0.96      0.96      2233
The training accuracy is 0.963646855164
Cross Validation:
[ 0.96367113  0.9751434   0.96367113  0.96175908  0.95785441  0.9672447
  0.94990366  0.94777563  0.95728155  0.9592233 ].
############################################################################
The name of the group of features (+MFCC): stati (column 916-917)
Confusion Matrix:
[[270   2   0   0  59   0   2   0]
 [  1 347   0   0   2   0   0   0]
 [  9   0 120   1   4   2   1   0]
 [  1   0   1 216   0   4   0   0]
 [ 97   3   1   2 210   0  12   0]
 [  0   0   5   0   1 216   0   0]
 [  8   0   0   1   8   0 310   1]
 [  0   0   0   0   0   0   0 316]]
Classfication report:
             precision    recall  f1-score   support

        0.0       0.70      0.81      0.75       333
        1.0       0.99      0.99      0.99       350
        2.0       0.94      0.88      0.91       137
        3.0       0.98      0.97      0.98       222
        4.0       0.74      0.65      0.69       325
        5.0       0.97      0.97      0.97       222
        6.0       0.95      0.95      0.95       328
        7.0       1.00      1.00      1.00       316

avg / total       0.90      0.90      0.90      2233
The training accuracy is 0.8940180804
Cross Validation:
[ 0.88145315  0.90057361  0.89674952  0.87762906  0.90421456  0.89595376
  0.87475915  0.87040619  0.8815534   0.91262136].
############################################################################
