The name of the group of features (+MFCC): sroll (column 86-86)
Confusion Matrix:
[[ 97   1   1   0  11   0   1   0]
 [  0  99  17   0   0   0   0   0]
 [  3   0  91   5   3   5   2   1]
 [  0   8   0  90   0   1   0   0]
 [ 42   5   0   6  42   5   8   0]
 [  2   2  16   9   0  68   0   3]
 [  1   0   1   1   5   0 100   1]
 [  0   0   0   0   0   0   0 105]]
Classfication report:
             precision    recall  f1-score   support

        0.0       0.67      0.87      0.76       111
        1.0       0.86      0.85      0.86       116
        2.0       0.72      0.83      0.77       110
        3.0       0.81      0.91      0.86        99
        4.0       0.69      0.39      0.50       108
        5.0       0.86      0.68      0.76       100
        6.0       0.90      0.92      0.91       109
        7.0       0.95      1.00      0.98       105

avg / total       0.81      0.81      0.80       858
The training accuracy is 0.816398390342
Cross Validation:
[ 0.8019802   0.84577114  0.84079602  0.865       0.8241206   0.79899497
  0.79187817  0.83248731  0.86734694  0.82653061].
############################################################################
The name of the group of features (+MFCC): sfpb (column 322-344)
Confusion Matrix:
[[108   0   0   0   3   0   0   0]
 [  0 115   1   0   0   0   0   0]
 [  0   0 109   0   1   0   0   0]
 [  0   0   0  98   1   0   0   0]
 [  1   0   0   2 105   0   0   0]
 [  0   0   0   0   0 100   0   0]
 [  0   0   0   0   0   1 108   0]
 [  0   0   0   0   0   0   0 105]]
Classfication report:
             precision    recall  f1-score   support

        0.0       0.99      0.97      0.98       111
        1.0       1.00      0.99      1.00       116
        2.0       0.99      0.99      0.99       110
        3.0       0.98      0.99      0.98        99
        4.0       0.95      0.97      0.96       108
        5.0       0.99      1.00      1.00       100
        6.0       1.00      0.99      1.00       109
        7.0       1.00      1.00      1.00       105

avg / total       0.99      0.99      0.99       858
The training accuracy is 0.998490945674
Cross Validation:
[ 0.98019802  0.98507463  0.96517413  0.985       0.98492462  0.98994975
  0.99492386  0.97461929  0.9744898   0.97959184].
############################################################################
The name of the group of features (+MFCC): sf (column 921-921)
Confusion Matrix:
[[ 88   0   1   0  22   0   0   0]
 [  0 116   0   0   0   0   0   0]
 [  5   0 101   0   2   2   0   0]
 [  1   0   0  98   0   0   0   0]
 [ 22   0   2   2  80   2   0   0]
 [  0   0   0   1   1  98   0   0]
 [  0   0   1   1   1   0 106   0]
 [  0   0   0   0   0   0   0 105]]
Classfication report:
             precision    recall  f1-score   support

        0.0       0.76      0.79      0.78       111
        1.0       1.00      1.00      1.00       116
        2.0       0.96      0.92      0.94       110
        3.0       0.96      0.99      0.98        99
        4.0       0.75      0.74      0.75       108
        5.0       0.96      0.98      0.97       100
        6.0       1.00      0.97      0.99       109
        7.0       1.00      1.00      1.00       105

avg / total       0.92      0.92      0.92       858
The training accuracy is 0.92152917505
Cross Validation:
[ 0.90594059  0.91044776  0.89552239  0.89        0.87939698  0.93467337
  0.92893401  0.91878173  0.93367347  0.91836735].
############################################################################
The name of the group of features (+MFCC): frame (column 923-1945)
Confusion Matrix:
[[ 77   0   2   0  31   0   1   0]
 [  0 108   7   0   0   0   1   0]
 [  3   0 101   1   5   0   0   0]
 [  0   0   0  98   1   0   0   0]
 [ 45   4   1   3  50   2   3   0]
 [  0   0   0   1   0  99   0   0]
 [  0   0   1   1   1   0 106   0]
 [  0   0   1   0   1   0   0 103]]
Classfication report:
             precision    recall  f1-score   support

        0.0       0.62      0.69      0.65       111
        1.0       0.96      0.93      0.95       116
        2.0       0.89      0.92      0.91       110
        3.0       0.94      0.99      0.97        99
        4.0       0.56      0.46      0.51       108
        5.0       0.98      0.99      0.99       100
        6.0       0.95      0.97      0.96       109
        7.0       1.00      0.98      0.99       105

avg / total       0.86      0.86      0.86       858
The training accuracy is 0.940643863179
Cross Validation:
[ 0.87128713  0.8358209   0.86567164  0.83        0.85929648  0.85929648
  0.85279188  0.88832487  0.86734694  0.8877551 ].
############################################################################
The name of the group of features (+MFCC): sss (column 859-862)
Confusion Matrix:
[[ 97   0   2   0  11   0   1   0]
 [  0 116   0   0   0   0   0   0]
 [  1   0 109   0   0   0   0   0]
 [  0   0   0  98   0   1   0   0]
 [ 25   0   1   0  80   0   2   0]
 [  0   0   0   0   0 100   0   0]
 [  1   0   0   1   1   0 106   0]
 [  0   0   0   0   0   0   0 105]]
Classfication report:
             precision    recall  f1-score   support

        0.0       0.78      0.87      0.83       111
        1.0       1.00      1.00      1.00       116
        2.0       0.97      0.99      0.98       110
        3.0       0.99      0.99      0.99        99
        4.0       0.87      0.74      0.80       108
        5.0       0.99      1.00      1.00       100
        6.0       0.97      0.97      0.97       109
        7.0       1.00      1.00      1.00       105

avg / total       0.95      0.95      0.94       858
The training accuracy is 0.940643863179
Cross Validation:
[ 0.93069307  0.92537313  0.92039801  0.945       0.89949749  0.93969849
  0.94923858  0.93908629  0.94387755  0.93877551].
############################################################################
The name of the group of features (+MFCC): sflux (column 132-132)
Confusion Matrix:
[[ 73   1   2   0  34   1   0   0]
 [  0 108   8   0   0   0   0   0]
 [  4   0 101   2   3   0   0   0]
 [  1   1   0  94   1   2   0   0]
 [ 36   2   4   4  59   2   1   0]
 [  0   0   0   0   1  98   0   1]
 [  0   0   0   1   1   0 107   0]
 [  0   0   1   0   1   0   0 103]]
Classfication report:
             precision    recall  f1-score   support

        0.0       0.64      0.66      0.65       111
        1.0       0.96      0.93      0.95       116
        2.0       0.87      0.92      0.89       110
        3.0       0.93      0.95      0.94        99
        4.0       0.59      0.55      0.57       108
        5.0       0.95      0.98      0.97       100
        6.0       0.99      0.98      0.99       109
        7.0       0.99      0.98      0.99       105

avg / total       0.86      0.87      0.86       858
The training accuracy is 0.889839034205
Cross Validation:
[ 0.88613861  0.84079602  0.86069652  0.875       0.86934673  0.86432161
  0.87817259  0.89847716  0.89795918  0.88265306].
############################################################################
The name of the group of features (+MFCC): psp (column 873-873)
Confusion Matrix:
[[ 96   1   1   0  10   0   1   2]
 [  0 112   4   0   0   0   0   0]
 [  4   0 102   0   4   0   0   0]
 [  0   0   0  96   2   1   0   0]
 [ 35   2   1   3  61   3   3   0]
 [  0   0   0   1   1  97   0   1]
 [  0   0   0   1   1   0 107   0]
 [  0   0   1   0   1   0   0 103]]
Classfication report:
             precision    recall  f1-score   support

        0.0       0.71      0.86      0.78       111
        1.0       0.97      0.97      0.97       116
        2.0       0.94      0.93      0.93       110
        3.0       0.95      0.97      0.96        99
        4.0       0.76      0.56      0.65       108
        5.0       0.96      0.97      0.97       100
        6.0       0.96      0.98      0.97       109
        7.0       0.97      0.98      0.98       105

avg / total       0.90      0.90      0.90       858
The training accuracy is 0.935110663984
Cross Validation:
[ 0.92574257  0.92039801  0.89054726  0.92        0.89949749  0.90954774
  0.93401015  0.92385787  0.91836735  0.92346939].
############################################################################
The name of the group of features (+MFCC): ess (column 87-90)
Confusion Matrix:
[[ 79   2   1   0  29   0   0   0]
 [  0 115   1   0   0   0   0   0]
 [  2   0 106   0   2   0   0   0]
 [  0   0   0  98   0   1   0   0]
 [ 39   0   2   3  62   1   1   0]
 [  1   0   0   2   0  97   0   0]
 [  1   0   0   1   1   0 106   0]
 [  0   0   0   0   1   0   0 104]]
Classfication report:
             precision    recall  f1-score   support

        0.0       0.65      0.71      0.68       111
        1.0       0.98      0.99      0.99       116
        2.0       0.96      0.96      0.96       110
        3.0       0.94      0.99      0.97        99
        4.0       0.65      0.57      0.61       108
        5.0       0.98      0.97      0.97       100
        6.0       0.99      0.97      0.98       109
        7.0       1.00      0.99      1.00       105

avg / total       0.89      0.89      0.89       858
The training accuracy is 0.903923541247
Cross Validation:
[ 0.8960396   0.88059701  0.88059701  0.885       0.90452261  0.87939698
  0.90862944  0.88832487  0.91326531  0.90816327].
############################################################################
The name of the group of features (+MFCC): sd (column 922-922)
Confusion Matrix:
[[100   2   0   0   7   0   0   2]
 [  0 113   3   0   0   0   0   0]
 [  0   0 105   1   3   1   0   0]
 [  0   0   0  98   1   0   0   0]
 [ 33   2   1   3  62   3   4   0]
 [  0   0   0   1   0  99   0   0]
 [  1   0   0   1   0   0 107   0]
 [  0   0   1   0   1   0   0 103]]
Classfication report:
             precision    recall  f1-score   support

        0.0       0.75      0.90      0.82       111
        1.0       0.97      0.97      0.97       116
        2.0       0.95      0.95      0.95       110
        3.0       0.94      0.99      0.97        99
        4.0       0.84      0.57      0.68       108
        5.0       0.96      0.99      0.98       100
        6.0       0.96      0.98      0.97       109
        7.0       0.98      0.98      0.98       105

avg / total       0.92      0.92      0.91       858
The training accuracy is 0.934104627767
Cross Validation:
[ 0.9009901   0.92039801  0.89054726  0.945       0.91457286  0.91457286
  0.92385787  0.93908629  0.92857143  0.93877551].
############################################################################
The name of the group of features (+MFCC): env (column 133-296)
Confusion Matrix:
[[ 98   1   2   0   9   0   1   0]
 [  0 112   1   0   3   0   0   0]
 [  2   0 107   0   1   0   0   0]
 [  1   0   0  98   0   0   0   0]
 [ 24   0   0   1  80   0   3   0]
 [  0   0   0   0   0 100   0   0]
 [  2   1   0   0   0   0 106   0]
 [  1   0   0   0   0   0   0 104]]
Classfication report:
             precision    recall  f1-score   support

        0.0       0.77      0.88      0.82       111
        1.0       0.98      0.97      0.97       116
        2.0       0.97      0.97      0.97       110
        3.0       0.99      0.99      0.99        99
        4.0       0.86      0.74      0.80       108
        5.0       1.00      1.00      1.00       100
        6.0       0.96      0.97      0.97       109
        7.0       1.00      0.99      1.00       105

avg / total       0.94      0.94      0.94       858
The training accuracy is 0.939134808853
Cross Validation:
[ 0.92574257  0.91542289  0.89552239  0.925       0.90954774  0.90954774
  0.90862944  0.92385787  0.92857143  0.90306122].
############################################################################
The name of the group of features (+MFCC): sv (column 910-910)
Confusion Matrix:
[[ 95   1   1   0  10   0   2   2]
 [  1 112   3   0   0   0   0   0]
 [  1   0 103   0   6   0   0   0]
 [  0   0   0  96   3   0   0   0]
 [ 30   2   5   3  64   2   2   0]
 [  0   0   0   1   1  97   0   1]
 [  1   0   0   1   0   0 107   0]
 [  0   0   1   0   1   0   0 103]]
Classfication report:
             precision    recall  f1-score   support

        0.0       0.74      0.86      0.79       111
        1.0       0.97      0.97      0.97       116
        2.0       0.91      0.94      0.92       110
        3.0       0.95      0.97      0.96        99
        4.0       0.75      0.59      0.66       108
        5.0       0.98      0.97      0.97       100
        6.0       0.96      0.98      0.97       109
        7.0       0.97      0.98      0.98       105

avg / total       0.90      0.91      0.90       858
The training accuracy is 0.937122736419
Cross Validation:
[ 0.91584158  0.93034826  0.90547264  0.93        0.91457286  0.93467337
  0.92385787  0.95431472  0.91836735  0.92857143].
############################################################################
The name of the group of features (+MFCC): obsir (column 67-75)
Confusion Matrix:
[[ 99   0   0   0   9   2   1   0]
 [  0 116   0   0   0   0   0   0]
 [  2   0 107   0   1   0   0   0]
 [  0   0   0  99   0   0   0   0]
 [ 22   1   0   0  82   1   2   0]
 [  0   0   0   0   1  99   0   0]
 [  0   0   0   0   1   0 108   0]
 [  0   0   0   0   1   0   0 104]]
Classfication report:
             precision    recall  f1-score   support

        0.0       0.80      0.89      0.85       111
        1.0       0.99      1.00      1.00       116
        2.0       1.00      0.97      0.99       110
        3.0       1.00      1.00      1.00        99
        4.0       0.86      0.76      0.81       108
        5.0       0.97      0.99      0.98       100
        6.0       0.97      0.99      0.98       109
        7.0       1.00      0.99      1.00       105

avg / total       0.95      0.95      0.95       858
The training accuracy is 0.957243460765
Cross Validation:
[ 0.92574257  0.95522388  0.91044776  0.94        0.94472362  0.95477387
  0.95939086  0.93908629  0.94387755  0.96938776].
############################################################################
The name of the group of features (+MFCC): scfp (column 887-909)
Confusion Matrix:
[[106   1   0   0   4   0   0   0]
 [  0 114   0   1   1   0   0   0]
 [  0   0 110   0   0   0   0   0]
 [  1   0   0  98   0   0   0   0]
 [  1   1   0   3 101   0   2   0]
 [  0   0   0   1   0  99   0   0]
 [  0   0   0   1   0   0 108   0]
 [  0   0   0   0   0   0   0 105]]
Classfication report:
             precision    recall  f1-score   support

        0.0       0.98      0.95      0.97       111
        1.0       0.98      0.98      0.98       116
        2.0       1.00      1.00      1.00       110
        3.0       0.94      0.99      0.97        99
        4.0       0.95      0.94      0.94       108
        5.0       1.00      0.99      0.99       100
        6.0       0.98      0.99      0.99       109
        7.0       1.00      1.00      1.00       105

avg / total       0.98      0.98      0.98       858
The training accuracy is 0.992957746479
Cross Validation:
[ 0.98019802  0.97014925  0.96517413  0.98        0.96984925  0.97487437
  0.98477157  0.96954315  0.95918367  0.97959184].
############################################################################
The name of the group of features (+MFCC): tss (column 911-914)
Confusion Matrix:
[[ 90   1   1   0  17   0   2   0]
 [  0 114   2   0   0   0   0   0]
 [  3   1 100   3   2   1   0   0]
 [  0   0   0  97   1   1   0   0]
 [ 37   1   0   2  66   1   1   0]
 [  0   0   1   2   0  97   0   0]
 [  0   0   0   1   2   0 106   0]
 [  0   0   0   0   1   0   0 104]]
Classfication report:
             precision    recall  f1-score   support

        0.0       0.69      0.81      0.75       111
        1.0       0.97      0.98      0.98       116
        2.0       0.96      0.91      0.93       110
        3.0       0.92      0.98      0.95        99
        4.0       0.74      0.61      0.67       108
        5.0       0.97      0.97      0.97       100
        6.0       0.97      0.97      0.97       109
        7.0       1.00      0.99      1.00       105

avg / total       0.90      0.90      0.90       858
The training accuracy is 0.915995975855
Cross Validation:
[ 0.9009901   0.92537313  0.91044776  0.93        0.88944724  0.89447236
  0.9035533   0.91878173  0.91326531  0.89795918].
############################################################################
The name of the group of features (+MFCC): cdod (column 918-918)
Confusion Matrix:
[[ 94   0   3   0  14   0   0   0]
 [  0 116   0   0   0   0   0   0]
 [  4   0 104   0   1   1   0   0]
 [  0   0   0  98   0   1   0   0]
 [ 30   2   1   1  73   0   1   0]
 [  0   0   0   0   0 100   0   0]
 [  0   0   0   1   2   0 106   0]
 [  0   0   0   0   0   0   0 105]]
Classfication report:
             precision    recall  f1-score   support

        0.0       0.73      0.85      0.79       111
        1.0       0.98      1.00      0.99       116
        2.0       0.96      0.95      0.95       110
        3.0       0.98      0.99      0.98        99
        4.0       0.81      0.68      0.74       108
        5.0       0.98      1.00      0.99       100
        6.0       0.99      0.97      0.98       109
        7.0       1.00      1.00      1.00       105

avg / total       0.93      0.93      0.93       858
The training accuracy is 0.926559356137
Cross Validation:
[ 0.90594059  0.91542289  0.91044776  0.925       0.87437186  0.93969849
  0.92385787  0.92385787  0.93367347  0.90816327].
############################################################################
The name of the group of features (+MFCC): obsi (column 76-85)
Confusion Matrix:
[[101   0   0   0   7   2   1   0]
 [  0 116   0   0   0   0   0   0]
 [  1   0 108   0   1   0   0   0]
 [  0   0   0  99   0   0   0   0]
 [ 17   0   0   0  88   1   2   0]
 [  0   0   0   0   1  99   0   0]
 [  0   0   0   0   1   0 108   0]
 [  0   0   0   0   0   0   0 105]]
Classfication report:
             precision    recall  f1-score   support

        0.0       0.85      0.91      0.88       111
        1.0       1.00      1.00      1.00       116
        2.0       1.00      0.98      0.99       110
        3.0       1.00      1.00      1.00        99
        4.0       0.90      0.81      0.85       108
        5.0       0.97      0.99      0.98       100
        6.0       0.97      0.99      0.98       109
        7.0       1.00      1.00      1.00       105

avg / total       0.96      0.96      0.96       858
The training accuracy is 0.967303822938
Cross Validation:
[ 0.93564356  0.96517413  0.94029851  0.955       0.96984925  0.95477387
  0.96954315  0.95431472  0.95918367  0.96938776].
############################################################################
The name of the group of features (+MFCC): hi (column 863-872)
Confusion Matrix:
[[ 89   2   3   0  16   0   1   0]
 [  0 114   2   0   0   0   0   0]
 [  2   0 103   2   3   0   0   0]
 [  0   0   0  98   0   1   0   0]
 [ 30   2   0   2  71   2   1   0]
 [  1   0   0   0   0  99   0   0]
 [  1   0   0   1   1   0 106   0]
 [  1   0   1   0   0   0   0 103]]
Classfication report:
             precision    recall  f1-score   support

        0.0       0.72      0.80      0.76       111
        1.0       0.97      0.98      0.97       116
        2.0       0.94      0.94      0.94       110
        3.0       0.95      0.99      0.97        99
        4.0       0.78      0.66      0.71       108
        5.0       0.97      0.99      0.98       100
        6.0       0.98      0.97      0.98       109
        7.0       1.00      0.98      0.99       105

avg / total       0.91      0.91      0.91       858
The training accuracy is 0.924547283702
Cross Validation:
[ 0.91584158  0.90547264  0.88557214  0.915       0.90954774  0.89447236
  0.91878173  0.94416244  0.93367347  0.91326531].
############################################################################
The name of the group of features (+MFCC): mags (column 346-858)
Confusion Matrix:
[[106   1   0   0   3   1   0   0]
 [  0 116   0   0   0   0   0   0]
 [  0   0 109   0   1   0   0   0]
 [  0   0   0  99   0   0   0   0]
 [  4   0   0   0 101   0   3   0]
 [  0   0   0   0   0 100   0   0]
 [  0   0   0   0   0   0 109   0]
 [  0   0   0   0   0   0   0 105]]
Classfication report:
             precision    recall  f1-score   support

        0.0       0.96      0.95      0.96       111
        1.0       0.99      1.00      1.00       116
        2.0       1.00      0.99      1.00       110
        3.0       1.00      1.00      1.00        99
        4.0       0.96      0.94      0.95       108
        5.0       0.99      1.00      1.00       100
        6.0       0.97      1.00      0.99       109
        7.0       1.00      1.00      1.00       105

avg / total       0.98      0.98      0.98       858
The training accuracy is 1.0
Cross Validation:
[ 0.97029703  0.99004975  0.97014925  0.98        0.9798995   0.98492462
  0.96446701  0.97969543  0.9744898   0.98979592].
############################################################################
The name of the group of features (+MFCC): psh (column 345-345)
Confusion Matrix:
[[ 87   0   1   0  23   0   0   0]
 [  0 110   5   0   1   0   0   0]
 [  2   0 105   1   2   0   0   0]
 [  0   0   0  98   1   0   0   0]
 [ 26   1   2   4  75   0   0   0]
 [  0   0   1   0   0  99   0   0]
 [  0   0   1   1   1   0 106   0]
 [  0   0   1   0   1   0   0 103]]
Classfication report:
             precision    recall  f1-score   support

        0.0       0.76      0.78      0.77       111
        1.0       0.99      0.95      0.97       116
        2.0       0.91      0.95      0.93       110
        3.0       0.94      0.99      0.97        99
        4.0       0.72      0.69      0.71       108
        5.0       1.00      0.99      0.99       100
        6.0       1.00      0.97      0.99       109
        7.0       1.00      0.98      0.99       105

avg / total       0.91      0.91      0.91       858
The training accuracy is 0.904426559356
Cross Validation:
[ 0.88613861  0.87562189  0.88059701  0.885       0.85929648  0.89949749
  0.89340102  0.91878173  0.92346939  0.92346939].
############################################################################
The name of the group of features (+MFCC): mfcc_only 
Confusion Matrix:
[[ 78   0   2   0  31   0   0   0]
 [  0 109   7   0   0   0   0   0]
 [  4   0  96   2   7   1   0   0]
 [  0   1   0  97   1   0   0   0]
 [ 34   2   3   3  63   2   1   0]
 [  0   0   0   1   0  98   0   1]
 [  0   0   1   1   1   0 106   0]
 [  0   0   1   0   1   0   0 103]]
Classfication report:
             precision    recall  f1-score   support

        0.0       0.67      0.70      0.69       111
        1.0       0.97      0.94      0.96       116
        2.0       0.87      0.87      0.87       110
        3.0       0.93      0.98      0.96        99
        4.0       0.61      0.58      0.59       108
        5.0       0.97      0.98      0.98       100
        6.0       0.99      0.97      0.98       109
        7.0       0.99      0.98      0.99       105

avg / total       0.87      0.87      0.87       858
The training accuracy is 0.882293762575
Cross Validation:
[ 0.87128713  0.85074627  0.85572139  0.85        0.87437186  0.86934673
  0.88832487  0.88832487  0.88265306  0.8877551 ].
############################################################################
The name of the group of features (+MFCC): lx (column 298-321)
Confusion Matrix:
[[107   0   0   0   4   0   0   0]
 [  0 115   1   0   0   0   0   0]
 [  1   0 109   0   0   0   0   0]
 [  0   0   0  99   0   0   0   0]
 [  8   2   3   0  94   1   0   0]
 [  0   0   0   0   0 100   0   0]
 [  0   0   0   1   1   0 107   0]
 [  0   0   0   0   1   0   0 104]]
Classfication report:
             precision    recall  f1-score   support

        0.0       0.92      0.96      0.94       111
        1.0       0.98      0.99      0.99       116
        2.0       0.96      0.99      0.98       110
        3.0       0.99      1.00      0.99        99
        4.0       0.94      0.87      0.90       108
        5.0       0.99      1.00      1.00       100
        6.0       1.00      0.98      0.99       109
        7.0       1.00      0.99      1.00       105

avg / total       0.97      0.97      0.97       858
The training accuracy is 0.979879275654
Cross Validation:
[ 0.97029703  0.96517413  0.94029851  0.97        0.96482412  0.96984925
  0.96954315  0.98477157  0.96938776  0.96428571].
############################################################################
The name of the group of features (+MFCC): ac (column 10-58)
Confusion Matrix:
[[ 94   2   3   0  10   1   1   0]
 [  0 116   0   0   0   0   0   0]
 [  2   0 106   0   1   0   1   0]
 [  1   0   0  97   0   1   0   0]
 [ 24   2   1   2  75   0   4   0]
 [  0   0   0   0   0 100   0   0]
 [  0   0   0   0   2   0 107   0]
 [  1   0   0   0   0   0   0 104]]
Classfication report:
             precision    recall  f1-score   support

        0.0       0.77      0.85      0.81       111
        1.0       0.97      1.00      0.98       116
        2.0       0.96      0.96      0.96       110
        3.0       0.98      0.98      0.98        99
        4.0       0.85      0.69      0.77       108
        5.0       0.98      1.00      0.99       100
        6.0       0.95      0.98      0.96       109
        7.0       1.00      0.99      1.00       105

avg / total       0.93      0.93      0.93       858
The training accuracy is 0.957746478873
Cross Validation:
[ 0.91584158  0.92537313  0.92039801  0.945       0.89949749  0.90452261
  0.93401015  0.9035533   0.93877551  0.92857143].
############################################################################
The name of the group of features (+MFCC): mels (column 92-131)
Confusion Matrix:
[[100   1   0   0   9   1   0   0]
 [  0 116   0   0   0   0   0   0]
 [  0   0 109   0   1   0   0   0]
 [  1   0   0  98   0   0   0   0]
 [ 19   1   3   1  81   0   3   0]
 [  0   0   0   0   0 100   0   0]
 [  0   0   0   0   2   0 107   0]
 [  1   0   0   0   0   0   0 104]]
Classfication report:
             precision    recall  f1-score   support

        0.0       0.83      0.90      0.86       111
        1.0       0.98      1.00      0.99       116
        2.0       0.97      0.99      0.98       110
        3.0       0.99      0.99      0.99        99
        4.0       0.87      0.75      0.81       108
        5.0       0.99      1.00      1.00       100
        6.0       0.97      0.98      0.98       109
        7.0       1.00      0.99      1.00       105

avg / total       0.95      0.95      0.95       858
The training accuracy is 0.964285714286
Cross Validation:
[ 0.95049505  0.94029851  0.92039801  0.97        0.94472362  0.93969849
  0.95939086  0.95431472  0.96428571  0.95408163].
############################################################################
The name of the group of features (+MFCC): am (column 59-66)
Confusion Matrix:
[[ 99   2   1   0   9   0   0   0]
 [  0 116   0   0   0   0   0   0]
 [  0   0 110   0   0   0   0   0]
 [  1   0   0  96   1   1   0   0]
 [ 24   1   5   2  75   0   1   0]
 [  1   0   0   0   0  99   0   0]
 [  1   0   0   2   0   0 106   0]
 [  1   0   0   0   0   0   0 104]]
Classfication report:
             precision    recall  f1-score   support

        0.0       0.78      0.89      0.83       111
        1.0       0.97      1.00      0.99       116
        2.0       0.95      1.00      0.97       110
        3.0       0.96      0.97      0.96        99
        4.0       0.88      0.69      0.78       108
        5.0       0.99      0.99      0.99       100
        6.0       0.99      0.97      0.98       109
        7.0       1.00      0.99      1.00       105

avg / total       0.94      0.94      0.94       858
The training accuracy is 0.952213279678
Cross Validation:
[ 0.93069307  0.92537313  0.92039801  0.955       0.91959799  0.92964824
  0.93908629  0.94923858  0.94897959  0.94387755].
############################################################################
The name of the group of features (+MFCC): energy (column 297-297)
Confusion Matrix:
[[ 96   1   2   0  11   0   1   0]
 [  0 112   2   0   2   0   0   0]
 [  2   0 108   0   0   0   0   0]
 [  0   0   0  98   0   1   0   0]
 [ 25   0   0   3  78   0   2   0]
 [  0   0   0   0   0 100   0   0]
 [  1   0   0   1   0   0 107   0]
 [  0   0   1   0   0   0   0 104]]
Classfication report:
             precision    recall  f1-score   support

        0.0       0.77      0.86      0.82       111
        1.0       0.99      0.97      0.98       116
        2.0       0.96      0.98      0.97       110
        3.0       0.96      0.99      0.98        99
        4.0       0.86      0.72      0.78       108
        5.0       0.99      1.00      1.00       100
        6.0       0.97      0.98      0.98       109
        7.0       1.00      0.99      1.00       105

avg / total       0.94      0.94      0.94       858
The training accuracy is 0.929577464789
Cross Validation:
[ 0.93069307  0.91044776  0.89552239  0.93        0.88442211  0.92964824
  0.91370558  0.92385787  0.91836735  0.92857143].
############################################################################
The name of the group of features (+MFCC): derivate (column 91-91)
Confusion Matrix:
[[ 78   0   2   0  31   0   0   0]
 [  0 109   7   0   0   0   0   0]
 [  4   0  96   2   7   1   0   0]
 [  0   1   0  97   1   0   0   0]
 [ 34   2   3   3  63   2   1   0]
 [  0   0   0   1   0  98   0   1]
 [  0   0   1   1   1   0 106   0]
 [  0   0   1   0   1   0   0 103]]
Classfication report:
             precision    recall  f1-score   support

        0.0       0.67      0.70      0.69       111
        1.0       0.97      0.94      0.96       116
        2.0       0.87      0.87      0.87       110
        3.0       0.93      0.98      0.96        99
        4.0       0.61      0.58      0.59       108
        5.0       0.97      0.98      0.98       100
        6.0       0.99      0.97      0.98       109
        7.0       0.99      0.98      0.99       105

avg / total       0.87      0.87      0.87       858
The training accuracy is 0.882293762575
Cross Validation:
[ 0.87128713  0.85074627  0.85572139  0.85        0.87437186  0.86934673
  0.88832487  0.88832487  0.88265306  0.8877551 ].
############################################################################
The name of the group of features (+MFCC): si (column 915-915)
Confusion Matrix:
[[ 78   0   2   0  31   0   0   0]
 [  0 109   7   0   0   0   0   0]
 [  4   0  96   2   7   1   0   0]
 [  0   1   0  97   1   0   0   0]
 [ 34   2   3   3  63   2   1   0]
 [  0   0   0   1   0  98   0   1]
 [  0   0   1   1   1   0 106   0]
 [  0   0   1   0   1   0   0 103]]
Classfication report:
             precision    recall  f1-score   support

        0.0       0.67      0.70      0.69       111
        1.0       0.97      0.94      0.96       116
        2.0       0.87      0.87      0.87       110
        3.0       0.93      0.98      0.96        99
        4.0       0.61      0.58      0.59       108
        5.0       0.97      0.98      0.98       100
        6.0       0.99      0.97      0.98       109
        7.0       0.99      0.98      0.99       105

avg / total       0.87      0.87      0.87       858
The training accuracy is 0.882293762575
Cross Validation:
[ 0.87128713  0.85074627  0.85572139  0.85        0.87437186  0.86934673
  0.88832487  0.88324873  0.88265306  0.8877551 ].
############################################################################
The name of the group of features (+MFCC): lpc (column 919-920)
Confusion Matrix:
[[ 83   1   1   0  26   0   0   0]
 [  0 111   5   0   0   0   0   0]
 [  2   0 107   0   0   1   0   0]
 [  0   0   0  98   1   0   0   0]
 [ 34   3   4   0  66   0   1   0]
 [  0   0   0   1   0  99   0   0]
 [  0   0   0   1   1   0 107   0]
 [  0   0   0   0   1   0   0 104]]
Classfication report:
             precision    recall  f1-score   support

        0.0       0.70      0.75      0.72       111
        1.0       0.97      0.96      0.96       116
        2.0       0.91      0.97      0.94       110
        3.0       0.98      0.99      0.98        99
        4.0       0.69      0.61      0.65       108
        5.0       0.99      0.99      0.99       100
        6.0       0.99      0.98      0.99       109
        7.0       1.00      0.99      1.00       105

avg / total       0.90      0.90      0.90       858
The training accuracy is 0.896378269618
Cross Validation:
[ 0.88613861  0.84079602  0.88557214  0.905       0.87939698  0.87437186
  0.88832487  0.91370558  0.90816327  0.88265306].
############################################################################
The name of the group of features (+MFCC): lsf (column 0-9)
Confusion Matrix:
[[105   0   1   0   5   0   0   0]
 [  1 115   0   0   0   0   0   0]
 [  2   0 107   0   0   1   0   0]
 [  0   0   0  99   0   0   0   0]
 [  8   0   1   0  98   1   0   0]
 [  0   0   0   1   0  99   0   0]
 [  0   0   0   1   1   0 107   0]
 [  0   0   0   0   1   0   0 104]]
Classfication report:
             precision    recall  f1-score   support

        0.0       0.91      0.95      0.93       111
        1.0       1.00      0.99      1.00       116
        2.0       0.98      0.97      0.98       110
        3.0       0.98      1.00      0.99        99
        4.0       0.93      0.91      0.92       108
        5.0       0.98      0.99      0.99       100
        6.0       1.00      0.98      0.99       109
        7.0       1.00      0.99      1.00       105

avg / total       0.97      0.97      0.97       858
The training accuracy is 0.986418511066
Cross Validation:
[ 0.9950495   0.98507463  0.95522388  0.965       0.95477387  0.96984925
  0.96954315  0.96446701  0.98469388  0.9744898 ].
############################################################################
The name of the group of features (+MFCC): stati (column 916-917)
Confusion Matrix:
[[ 94   0   2   0  15   0   0   0]
 [  0 116   0   0   0   0   0   0]
 [  4   0 104   1   1   0   0   0]
 [  0   0   0  98   0   1   0   0]
 [ 28   1   0   3  75   0   1   0]
 [  0   0   0   0   0  99   0   1]
 [  0   0   1   1   1   0 106   0]
 [  1   0   1   0   0   0   0 103]]
Classfication report:
             precision    recall  f1-score   support

        0.0       0.74      0.85      0.79       111
        1.0       0.99      1.00      1.00       116
        2.0       0.96      0.95      0.95       110
        3.0       0.95      0.99      0.97        99
        4.0       0.82      0.69      0.75       108
        5.0       0.99      0.99      0.99       100
        6.0       0.99      0.97      0.98       109
        7.0       0.99      0.98      0.99       105

avg / total       0.93      0.93      0.93       858
The training accuracy is 0.928068410463
Cross Validation:
[ 0.91584158  0.90049751  0.90049751  0.93        0.88442211  0.92964824
  0.92385787  0.91878173  0.92346939  0.91326531].
############################################################################
