The name of the group of features (+MFCC): sroll (column 86-86)
Confusion Matrix:
[[146   2   0   2  16   0   0   0]
 [  4 168   1   0   0   1   0   0]
 [  3  25  20   4   6   8   2   0]
 [  1   2   0 104   0   3   1   0]
 [ 51   5   0   1  79   3  16   7]
 [  3  11   0   8   1  85   0   3]
 [  4   0   0   2   1   0 156   1]
 [  0   0   0   0   0   0   0 158]]
Classfication report:
             precision    recall  f1-score   support

        0.0       0.69      0.88      0.77       166
        1.0       0.79      0.97      0.87       174
        2.0       0.95      0.29      0.45        68
        3.0       0.86      0.94      0.90       111
        4.0       0.77      0.49      0.60       162
        5.0       0.85      0.77      0.81       111
        6.0       0.89      0.95      0.92       164
        7.0       0.93      1.00      0.97       158

avg / total       0.83      0.82      0.81      1114
The training error is 0.813585488228
Cross Validation:
[ 0.84351145  0.76335878  0.83908046  0.82375479  0.79693487  0.83846154
  0.83011583  0.76264591  0.81102362  0.80708661].
############################################################################
The name of the group of features (+MFCC): sfpb (column 322-344)
Confusion Matrix:
[[163   0   0   0   3   0   0   0]
 [  0 174   0   0   0   0   0   0]
 [  1   0  66   0   1   0   0   0]
 [  0   0   0 109   1   1   0   0]
 [  4   0   0   0 154   0   4   0]
 [  0   0   0   0   0 111   0   0]
 [  0   0   0   1   1   0 162   0]
 [  0   0   0   0   0   0   0 158]]
Classfication report:
             precision    recall  f1-score   support

        0.0       0.97      0.98      0.98       166
        1.0       1.00      1.00      1.00       174
        2.0       1.00      0.97      0.99        68
        3.0       0.99      0.98      0.99       111
        4.0       0.96      0.95      0.96       162
        5.0       0.99      1.00      1.00       111
        6.0       0.98      0.99      0.98       164
        7.0       1.00      1.00      1.00       158

avg / total       0.98      0.98      0.98      1114
The training error is 0.991895021227
Cross Validation:
[ 0.97709924  0.96946565  0.98850575  0.98850575  0.98467433  0.98461538
  0.97297297  0.97276265  0.99212598  0.98425197].
############################################################################
The name of the group of features (+MFCC): sf (column 921-921)
Confusion Matrix:
[[126   1   1   0  33   4   1   0]
 [  1 170   0   0   3   0   0   0]
 [  2   0  61   0   5   0   0   0]
 [  1   0   0 110   0   0   0   0]
 [ 34   4   1   0 115   1   7   0]
 [  0   1   1   0   0 109   0   0]
 [  3   0   0   1   2   0 158   0]
 [  0   0   0   0   0   0   0 158]]
Classfication report:
             precision    recall  f1-score   support

        0.0       0.75      0.76      0.76       166
        1.0       0.97      0.98      0.97       174
        2.0       0.95      0.90      0.92        68
        3.0       0.99      0.99      0.99       111
        4.0       0.73      0.71      0.72       162
        5.0       0.96      0.98      0.97       111
        6.0       0.95      0.96      0.96       164
        7.0       1.00      1.00      1.00       158

avg / total       0.90      0.90      0.90      1114
The training error is 0.91045928213
Cross Validation:
[ 0.89694656  0.88167939  0.90038314  0.90421456  0.91570881  0.91538462
  0.87644788  0.86381323  0.94488189  0.92913386].
############################################################################
The name of the group of features (+MFCC): frame (column 923-1945)
Confusion Matrix:
[[124   2   1   0  35   2   2   0]
 [  4 165   2   0   3   0   0   0]
 [  3   5  56   0   4   0   0   0]
 [  0   0   1 109   0   1   0   0]
 [ 53   9   0   0  90   0   8   2]
 [  0   0   3   0   0 108   0   0]
 [  3   0   0   2   1   0 158   0]
 [  0   0   0   0   0   0   0 158]]
Classfication report:
             precision    recall  f1-score   support

        0.0       0.66      0.75      0.70       166
        1.0       0.91      0.95      0.93       174
        2.0       0.89      0.82      0.85        68
        3.0       0.98      0.98      0.98       111
        4.0       0.68      0.56      0.61       162
        5.0       0.97      0.97      0.97       111
        6.0       0.94      0.96      0.95       164
        7.0       0.99      1.00      0.99       158

avg / total       0.87      0.87      0.87      1114
The training error is 0.927055191046
Cross Validation:
[ 0.84732824  0.85877863  0.87356322  0.85057471  0.8697318   0.85
  0.85714286  0.82490272  0.83070866  0.88188976].
############################################################################
The name of the group of features (+MFCC): sss (column 859-862)
Confusion Matrix:
[[142   0   4   0  17   1   2   0]
 [  1 173   0   0   0   0   0   0]
 [  2   0  64   0   2   0   0   0]
 [  1   0   0 110   0   0   0   0]
 [ 35   3   2   0 119   2   1   0]
 [  0   0   0   0   0 111   0   0]
 [  3   0   0   1   1   0 159   0]
 [  0   0   0   0   0   0   0 158]]
Classfication report:
             precision    recall  f1-score   support

        0.0       0.77      0.86      0.81       166
        1.0       0.98      0.99      0.99       174
        2.0       0.91      0.94      0.93        68
        3.0       0.99      0.99      0.99       111
        4.0       0.86      0.73      0.79       162
        5.0       0.97      1.00      0.99       111
        6.0       0.98      0.97      0.98       164
        7.0       1.00      1.00      1.00       158

avg / total       0.93      0.93      0.93      1114
The training error is 0.925125434195
Cross Validation:
[ 0.89694656  0.92748092  0.92720307  0.93103448  0.92720307  0.91538462
  0.9034749   0.91050584  0.92125984  0.90944882].
############################################################################
The name of the group of features (+MFCC): sflux (column 132-132)
Confusion Matrix:
[[115   2   0   0  43   4   2   0]
 [  4 169   0   1   0   0   0   0]
 [  1   4  59   0   4   0   0   0]
 [  1   0   0 110   0   0   0   0]
 [ 38   7   4   0 107   1   5   0]
 [  0   1   2   0   0 108   0   0]
 [  3   0   0   1   1   0 159   0]
 [  0   0   1   0   0   0   0 157]]
Classfication report:
             precision    recall  f1-score   support

        0.0       0.71      0.69      0.70       166
        1.0       0.92      0.97      0.95       174
        2.0       0.89      0.87      0.88        68
        3.0       0.98      0.99      0.99       111
        4.0       0.69      0.66      0.68       162
        5.0       0.96      0.97      0.96       111
        6.0       0.96      0.97      0.96       164
        7.0       1.00      0.99      1.00       158

avg / total       0.88      0.88      0.88      1114
The training error is 0.882670783481
Cross Validation:
[ 0.86641221  0.87022901  0.88505747  0.86206897  0.90421456  0.86153846
  0.87258687  0.84824903  0.87401575  0.88582677].
############################################################################
The name of the group of features (+MFCC): psp (column 873-873)
Confusion Matrix:
[[147   3   0   0  11   4   1   0]
 [  3 170   0   0   1   0   0   0]
 [  1   3  59   0   5   0   0   0]
 [  1   0   0 109   0   1   0   0]
 [ 43   7   3   0 102   1   3   3]
 [  0   0   1   0   0 110   0   0]
 [  0   0   0   1   4   0 159   0]
 [  0   0   0   0   0   0   0 158]]
Classfication report:
             precision    recall  f1-score   support

        0.0       0.75      0.89      0.81       166
        1.0       0.93      0.98      0.95       174
        2.0       0.94      0.87      0.90        68
        3.0       0.99      0.98      0.99       111
        4.0       0.83      0.63      0.72       162
        5.0       0.95      0.99      0.97       111
        6.0       0.98      0.97      0.97       164
        7.0       0.98      1.00      0.99       158

avg / total       0.91      0.91      0.91      1114
The training error is 0.915476649942
Cross Validation:
[ 0.89694656  0.90458015  0.92337165  0.91570881  0.91570881  0.9
  0.9034749   0.87548638  0.92913386  0.92913386].
############################################################################
The name of the group of features (+MFCC): ess (column 87-90)
Confusion Matrix:
[[112   2   1   0  48   2   1   0]
 [  4 169   0   0   0   0   1   0]
 [  2   0  65   0   1   0   0   0]
 [  1   0   1 108   0   1   0   0]
 [ 41   7   3   0 103   0   7   1]
 [  0   0   2   0   0 109   0   0]
 [  3   0   0   1   1   0 159   0]
 [  0   0   0   0   0   0   0 158]]
Classfication report:
             precision    recall  f1-score   support

        0.0       0.69      0.67      0.68       166
        1.0       0.95      0.97      0.96       174
        2.0       0.90      0.96      0.93        68
        3.0       0.99      0.97      0.98       111
        4.0       0.67      0.64      0.65       162
        5.0       0.97      0.98      0.98       111
        6.0       0.95      0.97      0.96       164
        7.0       0.99      1.00      1.00       158

avg / total       0.88      0.88      0.88      1114
The training error is 0.884214588962
Cross Validation:
[ 0.86641221  0.88167939  0.87356322  0.87739464  0.89655172  0.87692308
  0.84942085  0.86381323  0.88582677  0.88582677].
############################################################################
The name of the group of features (+MFCC): sd (column 922-922)
Confusion Matrix:
[[147   3   0   0  12   2   2   0]
 [  1 169   2   1   1   0   0   0]
 [  0   4  62   0   1   0   1   0]
 [  1   0   0 109   0   1   0   0]
 [ 43  10   1   0  98   1   8   1]
 [  0   0   2   0   0 109   0   0]
 [  0   0   0   1   5   0 158   0]
 [  0   0   0   0   0   0   0 158]]
Classfication report:
             precision    recall  f1-score   support

        0.0       0.77      0.89      0.82       166
        1.0       0.91      0.97      0.94       174
        2.0       0.93      0.91      0.92        68
        3.0       0.98      0.98      0.98       111
        4.0       0.84      0.60      0.70       162
        5.0       0.96      0.98      0.97       111
        6.0       0.93      0.96      0.95       164
        7.0       0.99      1.00      1.00       158

avg / total       0.91      0.91      0.90      1114
The training error is 0.916634504052
Cross Validation:
[ 0.91221374  0.88167939  0.90804598  0.89655172  0.92720307  0.9
  0.90733591  0.85992218  0.91338583  0.92913386].
############################################################################
The name of the group of features (+MFCC): env (column 133-296)
Confusion Matrix:
[[142   1   1   0  20   1   1   0]
 [  0 171   0   0   3   0   0   0]
 [  3   1  63   0   1   0   0   0]
 [  1   0   1 108   1   0   0   0]
 [ 34   9   1   1 110   0   7   0]
 [  0   0   3   0   0 108   0   0]
 [  3   0   0   0   3   0 158   0]
 [  0   0   0   0   0   0   0 158]]
Classfication report:
             precision    recall  f1-score   support

        0.0       0.78      0.86      0.81       166
        1.0       0.94      0.98      0.96       174
        2.0       0.91      0.93      0.92        68
        3.0       0.99      0.97      0.98       111
        4.0       0.80      0.68      0.73       162
        5.0       0.99      0.97      0.98       111
        6.0       0.95      0.96      0.96       164
        7.0       1.00      1.00      1.00       158

avg / total       0.91      0.91      0.91      1114
The training error is 0.937861829409
Cross Validation:
[ 0.91984733  0.89694656  0.90038314  0.90804598  0.93869732  0.91923077
  0.8957529   0.88326848  0.95275591  0.92913386].
############################################################################
The name of the group of features (+MFCC): sv (column 910-910)
Confusion Matrix:
[[145   2   0   0  13   4   2   0]
 [  3 170   0   1   0   0   0   0]
 [  1   2  60   0   5   0   0   0]
 [  1   0   0 109   0   0   1   0]
 [ 36   7   3   0 110   1   2   3]
 [  0   0   2   0   1 108   0   0]
 [  3   0   0   1   1   0 159   0]
 [  0   0   1   0   0   0   0 157]]
Classfication report:
             precision    recall  f1-score   support

        0.0       0.77      0.87      0.82       166
        1.0       0.94      0.98      0.96       174
        2.0       0.91      0.88      0.90        68
        3.0       0.98      0.98      0.98       111
        4.0       0.85      0.68      0.75       162
        5.0       0.96      0.97      0.96       111
        6.0       0.97      0.97      0.97       164
        7.0       0.98      0.99      0.99       158

avg / total       0.91      0.91      0.91      1114
The training error is 0.916634504052
Cross Validation:
[ 0.91221374  0.91603053  0.90804598  0.90038314  0.91954023  0.89615385
  0.91505792  0.86770428  0.91732283  0.92125984].
############################################################################
The name of the group of features (+MFCC): obsir (column 67-75)
Confusion Matrix:
[[151   0   1   0  14   0   0   0]
 [  0 174   0   0   0   0   0   0]
 [  0   0  67   0   0   0   1   0]
 [  1   0   0 110   0   0   0   0]
 [ 32   2   0   1 122   0   4   1]
 [  0   0   0   0   0 111   0   0]
 [  3   0   0   0   3   0 158   0]
 [  0   0   0   0   0   0   0 158]]
Classfication report:
             precision    recall  f1-score   support

        0.0       0.81      0.91      0.86       166
        1.0       0.99      1.00      0.99       174
        2.0       0.99      0.99      0.99        68
        3.0       0.99      0.99      0.99       111
        4.0       0.88      0.75      0.81       162
        5.0       1.00      1.00      1.00       111
        6.0       0.97      0.96      0.97       164
        7.0       0.99      1.00      1.00       158

avg / total       0.94      0.94      0.94      1114
The training error is 0.949440370513
Cross Validation:
[ 0.92366412  0.9389313   0.94252874  0.90804598  0.95785441  0.93076923
  0.92277992  0.92217899  0.94488189  0.93307087].
############################################################################
The name of the group of features (+MFCC): scfp (column 887-909)
Confusion Matrix:
[[159   0   0   0   7   0   0   0]
 [  1 172   0   0   1   0   0   0]
 [  1   0  66   0   1   0   0   0]
 [  0   0   0 110   1   0   0   0]
 [  5   1   0   2 148   0   6   0]
 [  0   0   0   0   0 111   0   0]
 [  1   0   0   1   1   0 161   0]
 [  0   0   0   0   0   0   0 158]]
Classfication report:
             precision    recall  f1-score   support

        0.0       0.95      0.96      0.95       166
        1.0       0.99      0.99      0.99       174
        2.0       1.00      0.97      0.99        68
        3.0       0.97      0.99      0.98       111
        4.0       0.93      0.91      0.92       162
        5.0       1.00      1.00      1.00       111
        6.0       0.96      0.98      0.97       164
        7.0       1.00      1.00      1.00       158

avg / total       0.97      0.97      0.97      1114
The training error is 0.991123118487
Cross Validation:
[ 0.96946565  0.96946565  0.98467433  0.98084291  0.97701149  0.97307692
  0.97297297  0.95719844  0.98031496  0.97637795].
############################################################################
The name of the group of features (+MFCC): tss (column 911-914)
Confusion Matrix:
[[137   2   0   0  24   1   2   0]
 [  2 170   1   0   1   0   0   0]
 [  1   4  59   0   4   0   0   0]
 [  1   0   0 110   0   0   0   0]
 [ 44  12   3   0  93   0   9   1]
 [  0   0   3   0   0 108   0   0]
 [  0   0   0   1   5   0 158   0]
 [  0   0   0   0   0   0   0 158]]
Classfication report:
             precision    recall  f1-score   support

        0.0       0.74      0.83      0.78       166
        1.0       0.90      0.98      0.94       174
        2.0       0.89      0.87      0.88        68
        3.0       0.99      0.99      0.99       111
        4.0       0.73      0.57      0.64       162
        5.0       0.99      0.97      0.98       111
        6.0       0.93      0.96      0.95       164
        7.0       0.99      1.00      1.00       158

avg / total       0.89      0.89      0.89      1114
The training error is 0.900424546507
Cross Validation:
[ 0.86641221  0.89694656  0.91570881  0.90804598  0.90804598  0.89615385
  0.88803089  0.85992218  0.9015748   0.90944882].
############################################################################
The name of the group of features (+MFCC): cdod (column 918-918)
Confusion Matrix:
[[137   0   0   0  27   1   1   0]
 [  1 172   0   0   1   0   0   0]
 [  3   0  65   0   0   0   0   0]
 [  1   0   0 110   0   0   0   0]
 [ 31   5   2   0 119   0   5   0]
 [  0   0   3   0   0 108   0   0]
 [  0   0   0   0   6   0 158   0]
 [  0   0   0   0   0   0   0 158]]
Classfication report:
             precision    recall  f1-score   support

        0.0       0.79      0.83      0.81       166
        1.0       0.97      0.99      0.98       174
        2.0       0.93      0.96      0.94        68
        3.0       1.00      0.99      1.00       111
        4.0       0.78      0.73      0.76       162
        5.0       0.99      0.97      0.98       111
        6.0       0.96      0.96      0.96       164
        7.0       1.00      1.00      1.00       158

avg / total       0.92      0.92      0.92      1114
The training error is 0.922037823234
Cross Validation:
[ 0.93129771  0.89694656  0.92337165  0.91570881  0.89655172  0.92307692
  0.87258687  0.89105058  0.93700787  0.92125984].
############################################################################
The name of the group of features (+MFCC): obsi (column 76-85)
Confusion Matrix:
[[152   0   0   0  14   0   0   0]
 [  0 174   0   0   0   0   0   0]
 [  1   0  67   0   0   0   0   0]
 [  1   0   0 110   0   0   0   0]
 [ 22   1   0   1 133   0   5   0]
 [  0   0   0   0   0 111   0   0]
 [  1   0   0   0   3   0 160   0]
 [  0   0   0   0   0   0   0 158]]
Classfication report:
             precision    recall  f1-score   support

        0.0       0.86      0.92      0.89       166
        1.0       0.99      1.00      1.00       174
        2.0       1.00      0.99      0.99        68
        3.0       0.99      0.99      0.99       111
        4.0       0.89      0.82      0.85       162
        5.0       1.00      1.00      1.00       111
        6.0       0.97      0.98      0.97       164
        7.0       1.00      1.00      1.00       158

avg / total       0.96      0.96      0.96      1114
The training error is 0.959861057507
Cross Validation:
[ 0.95801527  0.95038168  0.95402299  0.94636015  0.96168582  0.94615385
  0.96138996  0.91439689  0.96456693  0.9488189 ].
############################################################################
The name of the group of features (+MFCC): hi (column 863-872)
Confusion Matrix:
[[133   2   2   0  26   1   2   0]
 [  2 169   1   0   2   0   0   0]
 [  1   0  66   0   1   0   0   0]
 [  1   0   0 109   0   1   0   0]
 [ 35   8   1   0 115   0   3   0]
 [  0   0   1   0   0 110   0   0]
 [  3   0   0   1   2   0 158   0]
 [  0   0   0   0   0   0   0 158]]
Classfication report:
             precision    recall  f1-score   support

        0.0       0.76      0.80      0.78       166
        1.0       0.94      0.97      0.96       174
        2.0       0.93      0.97      0.95        68
        3.0       0.99      0.98      0.99       111
        4.0       0.79      0.71      0.75       162
        5.0       0.98      0.99      0.99       111
        6.0       0.97      0.96      0.97       164
        7.0       1.00      1.00      1.00       158

avg / total       0.91      0.91      0.91      1114
The training error is 0.915476649942
Cross Validation:
[ 0.91603053  0.88167939  0.91570881  0.89272031  0.9348659   0.91153846
  0.86872587  0.86770428  0.92913386  0.91732283].
############################################################################
The name of the group of features (+MFCC): mags (column 346-858)
Confusion Matrix:
[[157   2   0   0   6   0   1   0]
 [  0 174   0   0   0   0   0   0]
 [  0   0  68   0   0   0   0   0]
 [  0   0   0 110   1   0   0   0]
 [ 10   1   0   0 145   1   5   0]
 [  0   0   0   0   0 111   0   0]
 [  1   0   0   0   0   1 162   0]
 [  0   0   0   0   0   0   0 158]]
Classfication report:
             precision    recall  f1-score   support

        0.0       0.93      0.95      0.94       166
        1.0       0.98      1.00      0.99       174
        2.0       1.00      1.00      1.00        68
        3.0       1.00      0.99      1.00       111
        4.0       0.95      0.90      0.92       162
        5.0       0.98      1.00      0.99       111
        6.0       0.96      0.99      0.98       164
        7.0       1.00      1.00      1.00       158

avg / total       0.97      0.97      0.97      1114
The training error is 1.0
Cross Validation:
[ 0.97328244  0.96564885  0.98850575  0.98084291  0.98467433  0.96923077
  0.97683398  0.98054475  0.98425197  0.97637795].
############################################################################
The name of the group of features (+MFCC): psh (column 345-345)
Confusion Matrix:
[[136   2   0   0  25   1   2   0]
 [  3 169   0   1   1   0   0   0]
 [  3   7  55   0   3   0   0   0]
 [  1   0   0 109   0   1   0   0]
 [ 46   8   1   0 102   3   2   0]
 [  1   0   0   0   0 110   0   0]
 [  3   0   0   1   2   0 158   0]
 [  0   0   1   0   0   0   0 157]]
Classfication report:
             precision    recall  f1-score   support

        0.0       0.70      0.82      0.76       166
        1.0       0.91      0.97      0.94       174
        2.0       0.96      0.81      0.88        68
        3.0       0.98      0.98      0.98       111
        4.0       0.77      0.63      0.69       162
        5.0       0.96      0.99      0.97       111
        6.0       0.98      0.96      0.97       164
        7.0       1.00      0.99      1.00       158

avg / total       0.90      0.89      0.89      1114
The training error is 0.899652643767
Cross Validation:
[ 0.88931298  0.90076336  0.90421456  0.88505747  0.91954023  0.89615385
  0.88416988  0.86381323  0.90551181  0.87401575].
############################################################################
The name of the group of features (+MFCC): mfcc_only 
Confusion Matrix:
[[110   2   1   0  49   2   2   0]
 [  4 169   0   1   0   0   0   0]
 [  3   6  55   0   4   0   0   0]
 [  1   0   0 109   0   1   0   0]
 [ 40   7   3   0 104   0   8   0]
 [  0   0   2   0   0 109   0   0]
 [  3   0   0   1   2   0 158   0]
 [  0   0   0   0   0   0   0 158]]
Classfication report:
             precision    recall  f1-score   support

        0.0       0.68      0.66      0.67       166
        1.0       0.92      0.97      0.94       174
        2.0       0.90      0.81      0.85        68
        3.0       0.98      0.98      0.98       111
        4.0       0.65      0.64      0.65       162
        5.0       0.97      0.98      0.98       111
        6.0       0.94      0.96      0.95       164
        7.0       1.00      1.00      1.00       158

avg / total       0.87      0.87      0.87      1114
The training error is 0.876495561559
Cross Validation:
[ 0.84732824  0.87022901  0.87356322  0.87356322  0.89272031  0.86153846
  0.86100386  0.84046693  0.8503937   0.86220472].
############################################################################
The name of the group of features (+MFCC): lx (column 298-321)
Confusion Matrix:
[[160   0   0   0   5   0   1   0]
 [  0 174   0   0   0   0   0   0]
 [  1   0  67   0   0   0   0   0]
 [  0   0   0 110   1   0   0   0]
 [ 19   0   0   0 140   1   1   1]
 [  0   0   0   0   0 111   0   0]
 [  0   0   0   0   4   0 160   0]
 [  0   0   0   0   0   0   0 158]]
Classfication report:
             precision    recall  f1-score   support

        0.0       0.89      0.96      0.92       166
        1.0       1.00      1.00      1.00       174
        2.0       1.00      0.99      0.99        68
        3.0       1.00      0.99      1.00       111
        4.0       0.93      0.86      0.90       162
        5.0       0.99      1.00      1.00       111
        6.0       0.99      0.98      0.98       164
        7.0       0.99      1.00      1.00       158

avg / total       0.97      0.97      0.97      1114
The training error is 0.973369355461
Cross Validation:
[ 0.96564885  0.94656489  0.97318008  0.95402299  0.97701149  0.96923077
  0.96525097  0.94163424  0.96850394  0.96456693].
############################################################################
The name of the group of features (+MFCC): ac (column 10-58)
Confusion Matrix:
[[142   2   1   0  18   1   2   0]
 [  1 173   0   0   0   0   0   0]
 [  1   0  65   0   2   0   0   0]
 [  0   0   1 109   1   0   0   0]
 [ 39   6   0   0 113   0   4   0]
 [  0   0   0   0   0 111   0   0]
 [  0   0   0   0   3   0 161   0]
 [  0   0   0   0   0   0   0 158]]
Classfication report:
             precision    recall  f1-score   support

        0.0       0.78      0.86      0.81       166
        1.0       0.96      0.99      0.97       174
        2.0       0.97      0.96      0.96        68
        3.0       1.00      0.98      0.99       111
        4.0       0.82      0.70      0.76       162
        5.0       0.99      1.00      1.00       111
        6.0       0.96      0.98      0.97       164
        7.0       1.00      1.00      1.00       158

avg / total       0.93      0.93      0.93      1114
The training error is 0.949440370513
Cross Validation:
[ 0.94656489  0.90839695  0.92720307  0.94636015  0.93869732  0.91923077
  0.88803089  0.89883268  0.93307087  0.92519685].
############################################################################
The name of the group of features (+MFCC): mels (column 92-131)
Confusion Matrix:
[[155   1   0   0   9   0   1   0]
 [  0 173   0   0   1   0   0   0]
 [  0   0  67   0   0   0   1   0]
 [  0   0   0 109   2   0   0   0]
 [ 23   6   0   1 128   0   4   0]
 [  0   0   0   1   0 110   0   0]
 [  1   0   0   0   1   0 162   0]
 [  0   0   0   0   0   0   0 158]]
Classfication report:
             precision    recall  f1-score   support

        0.0       0.87      0.93      0.90       166
        1.0       0.96      0.99      0.98       174
        2.0       1.00      0.99      0.99        68
        3.0       0.98      0.98      0.98       111
        4.0       0.91      0.79      0.84       162
        5.0       1.00      0.99      1.00       111
        6.0       0.96      0.99      0.98       164
        7.0       1.00      1.00      1.00       158

avg / total       0.95      0.95      0.95      1114
The training error is 0.954843689695
Cross Validation:
[ 0.91984733  0.92366412  0.96551724  0.95402299  0.94252874  0.93461538
  0.93822394  0.91828794  0.9488189   0.95275591].
############################################################################
The name of the group of features (+MFCC): am (column 59-66)
Confusion Matrix:
[[150   0   0   0  14   1   1   0]
 [  1 173   0   0   0   0   0   0]
 [  1   0  67   0   0   0   0   0]
 [  1   0   0 110   0   0   0   0]
 [ 32   7   3   1 115   0   4   0]
 [  0   0   2   1   1 107   0   0]
 [  2   0   0   1   2   0 159   0]
 [  0   0   0   0   0   0   0 158]]
Classfication report:
             precision    recall  f1-score   support

        0.0       0.80      0.90      0.85       166
        1.0       0.96      0.99      0.98       174
        2.0       0.93      0.99      0.96        68
        3.0       0.97      0.99      0.98       111
        4.0       0.87      0.71      0.78       162
        5.0       0.99      0.96      0.98       111
        6.0       0.97      0.97      0.97       164
        7.0       1.00      1.00      1.00       158

avg / total       0.93      0.93      0.93      1114
The training error is 0.934002315708
Cross Validation:
[ 0.91984733  0.91603053  0.94252874  0.92720307  0.92337165  0.92307692
  0.90733591  0.89105058  0.94094488  0.92913386].
############################################################################
The name of the group of features (+MFCC): energy (column 297-297)
Confusion Matrix:
[[144   1   0   0  19   1   1   0]
 [  1 171   0   0   2   0   0   0]
 [  2   0  65   0   1   0   0   0]
 [  1   0   0 109   0   1   0   0]
 [ 31   5   1   1 121   0   3   0]
 [  0   0   3   0   0 108   0   0]
 [  4   0   0   0   2   0 158   0]
 [  0   0   0   0   0   0   0 158]]
Classfication report:
             precision    recall  f1-score   support

        0.0       0.79      0.87      0.83       166
        1.0       0.97      0.98      0.97       174
        2.0       0.94      0.96      0.95        68
        3.0       0.99      0.98      0.99       111
        4.0       0.83      0.75      0.79       162
        5.0       0.98      0.97      0.98       111
        6.0       0.98      0.96      0.97       164
        7.0       1.00      1.00      1.00       158

avg / total       0.93      0.93      0.93      1114
The training error is 0.928984947897
Cross Validation:
[ 0.91984733  0.90076336  0.92720307  0.89655172  0.9348659   0.90769231
  0.89189189  0.89105058  0.95275591  0.92913386].
############################################################################
The name of the group of features (+MFCC): derivate (column 91-91)
Confusion Matrix:
[[110   2   1   0  49   2   2   0]
 [  4 169   0   1   0   0   0   0]
 [  3   6  55   0   4   0   0   0]
 [  1   0   0 109   0   1   0   0]
 [ 40   7   3   0 104   0   8   0]
 [  0   0   2   0   0 109   0   0]
 [  3   0   0   1   2   0 158   0]
 [  0   0   0   0   0   0   0 158]]
Classfication report:
             precision    recall  f1-score   support

        0.0       0.68      0.66      0.67       166
        1.0       0.92      0.97      0.94       174
        2.0       0.90      0.81      0.85        68
        3.0       0.98      0.98      0.98       111
        4.0       0.65      0.64      0.65       162
        5.0       0.97      0.98      0.98       111
        6.0       0.94      0.96      0.95       164
        7.0       1.00      1.00      1.00       158

avg / total       0.87      0.87      0.87      1114
The training error is 0.876495561559
Cross Validation:
[ 0.84732824  0.87022901  0.87356322  0.87356322  0.89272031  0.86153846
  0.86100386  0.84046693  0.8503937   0.86220472].
############################################################################
The name of the group of features (+MFCC): si (column 915-915)
Confusion Matrix:
[[110   2   1   0  49   2   2   0]
 [  4 169   0   1   0   0   0   0]
 [  3   6  55   0   4   0   0   0]
 [  1   0   0 109   0   1   0   0]
 [ 40   7   3   0 104   0   8   0]
 [  0   0   2   0   0 109   0   0]
 [  3   0   0   1   2   0 158   0]
 [  0   0   0   0   0   0   0 158]]
Classfication report:
             precision    recall  f1-score   support

        0.0       0.68      0.66      0.67       166
        1.0       0.92      0.97      0.94       174
        2.0       0.90      0.81      0.85        68
        3.0       0.98      0.98      0.98       111
        4.0       0.65      0.64      0.65       162
        5.0       0.97      0.98      0.98       111
        6.0       0.94      0.96      0.95       164
        7.0       1.00      1.00      1.00       158

avg / total       0.87      0.87      0.87      1114
The training error is 0.876495561559
Cross Validation:
[ 0.84732824  0.87022901  0.87356322  0.87356322  0.89272031  0.86153846
  0.86100386  0.84046693  0.8503937   0.86220472].
############################################################################
The name of the group of features (+MFCC): lpc (column 919-920)
Confusion Matrix:
[[117   1   3   0  40   3   2   0]
 [  3 170   0   1   0   0   0   0]
 [  1   2  63   0   2   0   0   0]
 [  1   0   0 110   0   0   0   0]
 [ 44   8   2   0  99   1   8   0]
 [  1   0   1   0   0 109   0   0]
 [  2   0   0   1   2   0 159   0]
 [  0   0   0   0   0   0   0 158]]
Classfication report:
             precision    recall  f1-score   support

        0.0       0.69      0.70      0.70       166
        1.0       0.94      0.98      0.96       174
        2.0       0.91      0.93      0.92        68
        3.0       0.98      0.99      0.99       111
        4.0       0.69      0.61      0.65       162
        5.0       0.96      0.98      0.97       111
        6.0       0.94      0.97      0.95       164
        7.0       1.00      1.00      1.00       158

avg / total       0.88      0.88      0.88      1114
The training error is 0.896179081436
Cross Validation:
[ 0.8778626   0.89312977  0.88888889  0.87356322  0.89272031  0.87692308
  0.86100386  0.85214008  0.88188976  0.88976378].
############################################################################
The name of the group of features (+MFCC): lsf (column 0-9)
Confusion Matrix:
[[155   0   1   1   6   2   1   0]
 [  0 174   0   0   0   0   0   0]
 [  2   0  65   0   0   0   1   0]
 [  0   0   0 110   1   0   0   0]
 [  8   0   0   0 147   2   3   2]
 [  0   0   0   0   0 111   0   0]
 [  0   0   0   1   3   0 160   0]
 [  0   0   0   0   0   0   0 158]]
Classfication report:
             precision    recall  f1-score   support

        0.0       0.94      0.93      0.94       166
        1.0       1.00      1.00      1.00       174
        2.0       0.98      0.96      0.97        68
        3.0       0.98      0.99      0.99       111
        4.0       0.94      0.91      0.92       162
        5.0       0.97      1.00      0.98       111
        6.0       0.97      0.98      0.97       164
        7.0       0.99      1.00      0.99       158

avg / total       0.97      0.97      0.97      1114
The training error is 0.983790042455
Cross Validation:
[ 0.96946565  0.97328244  0.97318008  0.95785441  0.97318008  0.98076923
  0.96138996  0.94941634  0.97244094  0.98425197].
############################################################################
The name of the group of features (+MFCC): stati (column 916-917)
Confusion Matrix:
[[136   1   0   0  26   1   2   0]
 [  1 172   0   0   1   0   0   0]
 [  1   0  65   0   2   0   0   0]
 [  1   0   0 109   0   1   0   0]
 [ 29   6   1   0 121   0   5   0]
 [  0   0   2   0   0 109   0   0]
 [  3   0   0   1   2   0 158   0]
 [  0   0   0   0   0   0   0 158]]
Classfication report:
             precision    recall  f1-score   support

        0.0       0.80      0.82      0.81       166
        1.0       0.96      0.99      0.97       174
        2.0       0.96      0.96      0.96        68
        3.0       0.99      0.98      0.99       111
        4.0       0.80      0.75      0.77       162
        5.0       0.98      0.98      0.98       111
        6.0       0.96      0.96      0.96       164
        7.0       1.00      1.00      1.00       158

avg / total       0.92      0.92      0.92      1114
The training error is 0.921651871864
Cross Validation:
[ 0.91984733  0.8778626   0.9348659   0.92720307  0.90038314  0.91153846
  0.88416988  0.88326848  0.94094488  0.92519685].
############################################################################
