The name of the group of features (+MFCC): derivate
Confusion Matrix:
[[113   1   1   0  49   0   2   0]
 [  1 171   1   0   1   0   0   0]
 [  1   4  60   1   1   0   0   1]
 [  0   1   1 108   0   0   1   0]
 [ 38   4   1   0 114   0   3   2]
 [  0   0   0   1   0 109   0   1]
 [  8   0   0   1   2   0 153   0]
 [  0   0   1   0   0   0   1 156]]
Classfication report:
             precision    recall  f1-score   support

        0.0       0.70      0.68      0.69       166
        1.0       0.94      0.98      0.96       174
        2.0       0.92      0.88      0.90        68
        3.0       0.97      0.97      0.97       111
        4.0       0.68      0.70      0.69       162
        5.0       1.00      0.98      0.99       111
        6.0       0.96      0.93      0.94       164
        7.0       0.97      0.99      0.98       158

avg / total       0.88      0.88      0.88      1114
The training error is 0.87958317252
Cross Validation:
[ 0.8778626   0.8778626   0.83908046  0.8467433   0.88122605  0.87692308
  0.84169884  0.85214008  0.88188976  0.88976378].
############################################################################
The name of the group of features (+MFCC):lpc
Confusion Matrix:
[[115   1   1   0  47   0   2   0]
 [  1 169   3   0   1   0   0   0]
 [  0   2  66   0   0   0   0   0]
 [  0   0   2 109   0   0   0   0]
 [ 37   4   3   0 115   0   3   0]
 [  0   0   0   0   1 110   0   0]
 [  6   0   0   1   1   0 156   0]
 [  0   0   0   0   0   0   0 158]]
Classfication report:
             precision    recall  f1-score   support

        0.0       0.72      0.69      0.71       166
        1.0       0.96      0.97      0.97       174
        2.0       0.88      0.97      0.92        68
        3.0       0.99      0.98      0.99       111
        4.0       0.70      0.71      0.70       162
        5.0       1.00      0.99      1.00       111
        6.0       0.97      0.95      0.96       164
        7.0       1.00      1.00      1.00       158

avg / total       0.90      0.90      0.90      1114
The training error is 0.893863373215
Cross Validation:
[ 0.88931298  0.89312977  0.87356322  0.86590038  0.90038314  0.88846154
  0.88803089  0.86770428  0.88582677  0.88976378].
############################################################################
The name of the group of features (+MFCC):frame
Confusion Matrix:
[[120   1   1   0  42   0   2   0]
 [  4 164   4   0   2   0   0   0]
 [  1   3  61   1   1   0   0   1]
 [  1   1   0 109   0   0   0   0]
 [ 59   5   1   0  89   0   6   2]
 [  0   0   0   1   0 109   0   1]
 [  6   0   0   2   3   0 153   0]
 [  0   0   1   0   0   0   0 157]]
Classfication report:
             precision    recall  f1-score   support

        0.0       0.63      0.72      0.67       166
        1.0       0.94      0.94      0.94       174
        2.0       0.90      0.90      0.90        68
        3.0       0.96      0.98      0.97       111
        4.0       0.65      0.55      0.60       162
        5.0       1.00      0.98      0.99       111
        6.0       0.95      0.93      0.94       164
        7.0       0.98      0.99      0.98       158

avg / total       0.86      0.86      0.86      1114
The training error is 0.931300656117
Cross Validation:
[ 0.88549618  0.87022901  0.85440613  0.83524904  0.86206897  0.87307692
  0.86486486  0.85214008  0.87795276  0.85433071].
############################################################################
The name of the group of features (+MFCC):scfp
Confusion Matrix:
[[161   1   0   1   3   0   0   0]
 [  0 172   1   0   1   0   0   0]
 [  0   0  66   0   2   0   0   0]
 [  1   1   0 109   0   0   0   0]
 [  5   1   0   1 154   0   1   0]
 [  0   0   0   0   0 111   0   0]
 [  2   0   0   1   2   0 159   0]
 [  0   0   0   0   0   0   0 158]]
Classfication report:
             precision    recall  f1-score   support

        0.0       0.95      0.97      0.96       166
        1.0       0.98      0.99      0.99       174
        2.0       0.99      0.97      0.98        68
        3.0       0.97      0.98      0.98       111
        4.0       0.95      0.95      0.95       162
        5.0       1.00      1.00      1.00       111
        6.0       0.99      0.97      0.98       164
        7.0       1.00      1.00      1.00       158

avg / total       0.98      0.98      0.98      1114
The training error is 0.988035507526
Cross Validation:
[ 0.96946565  0.95038168  0.95402299  0.96934866  0.97701149  0.98076923
  0.97297297  0.9766537   0.96456693  0.96062992].
############################################################################
The name of the group of features (+MFCC):psp
Confusion Matrix:
[[147   1   1   0  14   1   2   0]
 [  1 170   2   0   1   0   0   0]
 [  1   2  63   0   1   0   0   1]
 [  1   0   0 109   1   0   0   0]
 [ 38   3   2   1 110   1   5   2]
 [  0   0   0   1   1 108   0   1]
 [  2   0   0   1   5   0 156   0]
 [  0   0   1   0   0   0   0 157]]
Classfication report:
             precision    recall  f1-score   support

        0.0       0.77      0.89      0.83       166
        1.0       0.97      0.98      0.97       174
        2.0       0.91      0.93      0.92        68
        3.0       0.97      0.98      0.98       111
        4.0       0.83      0.68      0.75       162
        5.0       0.98      0.97      0.98       111
        6.0       0.96      0.95      0.95       164
        7.0       0.98      0.99      0.98       158

avg / total       0.92      0.92      0.91      1114
The training error is 0.917792358163
Cross Validation:
[ 0.89694656  0.91221374  0.89655172  0.91187739  0.90038314  0.91538462
  0.8996139   0.89883268  0.92519685  0.92125984].
############################################################################
The name of the group of features (+MFCC): tss
Confusion Matrix:
[[131   1   1   0  31   0   2   0]
 [  0 171   2   0   1   0   0   0]
 [  1   2  64   0   1   0   0   0]
 [  1   0   1 106   2   1   0   0]
 [ 36   3   1   1 114   0   5   2]
 [  0   0   0   1   1 109   0   0]
 [  0   0   0   1   9   0 154   0]
 [  0   0   0   0   0   0   0 158]]
Classfication report:
             precision    recall  f1-score   support

        0.0       0.78      0.79      0.78       166
        1.0       0.97      0.98      0.97       174
        2.0       0.93      0.94      0.93        68
        3.0       0.97      0.95      0.96       111
        4.0       0.72      0.70      0.71       162
        5.0       0.99      0.98      0.99       111
        6.0       0.96      0.94      0.95       164
        7.0       0.99      1.00      0.99       158

avg / total       0.90      0.90      0.90      1114
The training error is 0.900810497877
Cross Validation:
[ 0.86641221  0.91603053  0.85823755  0.87739464  0.90421456  0.9
  0.88803089  0.89494163  0.8976378   0.90944882].
############################################################################
The name of the group of features (+MFCC): stati
Confusion Matrix:
[[133   1   0   0  30   0   2   0]
 [  0 173   0   0   1   0   0   0]
 [  1   0  67   0   0   0   0   0]
 [  0   0   0 111   0   0   0   0]
 [ 31   5   1   2 117   0   5   1]
 [  0   0   0   1   0 109   0   1]
 [  7   0   0   0   3   0 154   0]
 [  0   0   0   0   0   0   0 158]]
Classfication report:
             precision    recall  f1-score   support

        0.0       0.77      0.80      0.79       166
        1.0       0.97      0.99      0.98       174
        2.0       0.99      0.99      0.99        68
        3.0       0.97      1.00      0.99       111
        4.0       0.77      0.72      0.75       162
        5.0       1.00      0.98      0.99       111
        6.0       0.96      0.94      0.95       164
        7.0       0.99      1.00      0.99       158

avg / total       0.92      0.92      0.92      1114
The training error is 0.920108066384
Cross Validation:
[ 0.90458015  0.90458015  0.90804598  0.93869732  0.88122605  0.92307692
  0.92664093  0.89883268  0.91732283  0.92913386].
############################################################################
The name of the group of features (+MFCC): sroll
Confusion Matrix:
[[142   1   0   0  22   1   0   0]
 [  1 168   3   0   1   1   0   0]
 [  1  12  37   6   3   7   2   0]
 [  0   7   0 102   0   2   0   0]
 [ 50   3   0   2  86   4  11   6]
 [  5   6   0   7   2  86   0   5]
 [  9   0   0   2   0   0 152   1]
 [  0   0   0   0   0   0   0 158]]
Classfication report:
             precision    recall  f1-score   support

        0.0       0.68      0.86      0.76       166
        1.0       0.85      0.97      0.91       174
        2.0       0.93      0.54      0.69        68
        3.0       0.86      0.92      0.89       111
        4.0       0.75      0.53      0.62       162
        5.0       0.85      0.77      0.81       111
        6.0       0.92      0.93      0.92       164
        7.0       0.93      1.00      0.96       158

avg / total       0.84      0.84      0.83      1114
The training error is 0.829795445774
Cross Validation:
[ 0.80916031  0.81679389  0.80842912  0.81992337  0.83141762  0.79615385
  0.8030888   0.82490272  0.81496063  0.83464567].
############################################################################
The name of the group of features (+MFCC):sflux
Confusion Matrix:
[[166   0   0   0   0   0   0   0]
 [174   0   0   0   0   0   0   0]
 [ 68   0   0   0   0   0   0   0]
 [111   0   0   0   0   0   0   0]
 [162   0   0   0   0   0   0   0]
 [111   0   0   0   0   0   0   0]
 [164   0   0   0   0   0   0   0]
 [158   0   0   0   0   0   0   0]]
Classfication report:
             precision    recall  f1-score   support

        0.0       0.15      1.00      0.26       166
        1.0       0.00      0.00      0.00       174
        2.0       0.00      0.00      0.00        68
        3.0       0.00      0.00      0.00       111
        4.0       0.00      0.00      0.00       162
        5.0       0.00      0.00      0.00       111
        6.0       0.00      0.00      0.00       164
        7.0       0.00      0.00      0.00       158

avg / total       0.02      0.15      0.04      1114
The training error is 0.149363180239
Cross Validation:
[ 0.31679389  0.32824427  0.29501916  0.37164751  0.348659    0.35384615
  0.31660232  0.34241245  0.87795276  0.3503937 ].
############################################################################
The name of the group of features (+MFCC): obsi
Confusion Matrix:
[[150   0   0   0  15   1   0   0]
 [  0 174   0   0   0   0   0   0]
 [  0   0  68   0   0   0   0   0]
 [  0   0   0 111   0   0   0   0]
 [ 22   0   0   1 136   0   3   0]
 [  0   0   0   0   0 111   0   0]
 [  2   0   0   0   3   0 159   0]
 [  0   0   0   0   0   0   0 158]]
Classfication report:
             precision    recall  f1-score   support

        0.0       0.86      0.90      0.88       166
        1.0       1.00      1.00      1.00       174
        2.0       1.00      1.00      1.00        68
        3.0       0.99      1.00      1.00       111
        4.0       0.88      0.84      0.86       162
        5.0       0.99      1.00      1.00       111
        6.0       0.98      0.97      0.98       164
        7.0       1.00      1.00      1.00       158

avg / total       0.96      0.96      0.96      1114
The training error is 0.959475106137
Cross Validation:
[ 0.9389313   0.9389313   0.94252874  0.95785441  0.94252874  0.94615385
  0.95752896  0.94163424  0.94094488  0.95275591].
############################################################################
The name of the group of features (+MFCC): si
Confusion Matrix:
[[113   1   1   0  49   0   2   0]
 [  1 171   1   0   1   0   0   0]
 [  1   4  60   1   1   0   0   1]
 [  0   1   1 108   0   0   1   0]
 [ 38   4   1   0 114   0   3   2]
 [  0   0   0   1   0 109   0   1]
 [  8   0   0   1   2   0 153   0]
 [  0   0   1   0   0   0   1 156]]
Classfication report:
             precision    recall  f1-score   support

        0.0       0.70      0.68      0.69       166
        1.0       0.94      0.98      0.96       174
        2.0       0.92      0.88      0.90        68
        3.0       0.97      0.97      0.97       111
        4.0       0.68      0.70      0.69       162
        5.0       1.00      0.98      0.99       111
        6.0       0.96      0.93      0.94       164
        7.0       0.97      0.99      0.98       158

avg / total       0.88      0.88      0.88      1114
The training error is 0.87958317252
Cross Validation:
[ 0.8778626   0.8778626   0.83908046  0.85057471  0.88122605  0.87692308
  0.84169884  0.85214008  0.88188976  0.88976378].
############################################################################
The name of the group of features (+MFCC):energy
Confusion Matrix:
[[142   1   0   0  22   0   1   0]
 [  0 172   0   0   2   0   0   0]
 [  1   1  66   0   0   0   0   0]
 [  0   0   0 111   0   0   0   0]
 [ 29   2   1   2 120   0   7   1]
 [  0   0   0   0   1 110   0   0]
 [  6   0   0   0   3   0 155   0]
 [  0   0   0   0   0   0   0 158]]
Classfication report:
             precision    recall  f1-score   support

        0.0       0.80      0.86      0.83       166
        1.0       0.98      0.99      0.98       174
        2.0       0.99      0.97      0.98        68
        3.0       0.98      1.00      0.99       111
        4.0       0.81      0.74      0.77       162
        5.0       1.00      0.99      1.00       111
        6.0       0.95      0.95      0.95       164
        7.0       0.99      1.00      1.00       158

avg / total       0.93      0.93      0.93      1114
The training error is 0.927441142416
Cross Validation:
[ 0.89694656  0.92366412  0.90804598  0.94252874  0.88888889  0.91538462
  0.92277992  0.91050584  0.92519685  0.9488189 ].
############################################################################
The name of the group of features (+MFCC):sv
Confusion Matrix:
[[142   1   2   0  18   0   3   0]
 [  0 170   3   0   1   0   0   0]
 [  1   1  63   0   2   0   0   1]
 [  1   0   0 109   1   0   0   0]
 [ 36   3   1   0 116   0   4   2]
 [  0   0   0   1   1 108   0   1]
 [  7   0   0   1   1   0 155   0]
 [  0   0   1   0   0   0   0 157]]
Classfication report:
             precision    recall  f1-score   support

        0.0       0.76      0.86      0.80       166
        1.0       0.97      0.98      0.97       174
        2.0       0.90      0.93      0.91        68
        3.0       0.98      0.98      0.98       111
        4.0       0.83      0.72      0.77       162
        5.0       1.00      0.97      0.99       111
        6.0       0.96      0.95      0.95       164
        7.0       0.98      0.99      0.98       158

avg / total       0.92      0.92      0.92      1114
The training error is 0.916634504052
Cross Validation:
[ 0.90458015  0.90839695  0.90038314  0.90421456  0.91570881  0.90769231
  0.89189189  0.91050584  0.92125984  0.8976378 ].
############################################################################
The name of the group of features (+MFCC):am
Confusion Matrix:
[[147   1   0   0  17   0   1   0]
 [  0 173   0   0   1   0   0   0]
 [  1   0  67   0   0   0   0   0]
 [  0   0   0 110   1   0   0   0]
 [ 31   1   1   1 120   0   6   2]
 [  0   0   0   1   0 110   0   0]
 [  6   0   0   0   1   0 157   0]
 [  0   0   0   0   0   0   0 158]]
Classfication report:
             precision    recall  f1-score   support

        0.0       0.79      0.89      0.84       166
        1.0       0.99      0.99      0.99       174
        2.0       0.99      0.99      0.99        68
        3.0       0.98      0.99      0.99       111
        4.0       0.86      0.74      0.79       162
        5.0       1.00      0.99      1.00       111
        6.0       0.96      0.96      0.96       164
        7.0       0.99      1.00      0.99       158

avg / total       0.94      0.94      0.93      1114
The training error is 0.93824778078
Cross Validation:
[ 0.91603053  0.92748092  0.92337165  0.9348659   0.89655172  0.91538462
  0.90733591  0.92996109  0.95275591  0.94094488].
############################################################################
The name of the group of features (+MFCC):sd
Confusion Matrix:
[[149   2   1   0  12   0   2   0]
 [  0 171   2   0   1   0   0   0]
 [  1   4  61   1   1   0   0   0]
 [  0   0   0 110   0   0   1   0]
 [ 42   4   1   0 105   0   9   1]
 [  0   0   0   1   1 108   0   1]
 [  1   0   0   1   6   0 156   0]
 [  0   0   0   0   0   0   2 156]]
Classfication report:
             precision    recall  f1-score   support

        0.0       0.77      0.90      0.83       166
        1.0       0.94      0.98      0.96       174
        2.0       0.94      0.90      0.92        68
        3.0       0.97      0.99      0.98       111
        4.0       0.83      0.65      0.73       162
        5.0       1.00      0.97      0.99       111
        6.0       0.92      0.95      0.93       164
        7.0       0.99      0.99      0.99       158

avg / total       0.91      0.91      0.91      1114
The training error is 0.915476649942
Cross Validation:
[ 0.90458015  0.91984733  0.88505747  0.91187739  0.90038314  0.91153846
  0.9034749   0.91439689  0.91338583  0.92125984].
############################################################################
The name of the group of features (+MFCC):env
Confusion Matrix:
[[139   1   0   0  23   1   2   0]
 [  0 170   0   0   4   0   0   0]
 [  1   1  65   0   1   0   0   0]
 [  0   0   0 111   0   0   0   0]
 [ 31   2   0   3 120   0   5   1]
 [  0   0   0   0   1 110   0   0]
 [  6   0   0   0   2   0 156   0]
 [  0   0   0   0   0   0   0 158]]
Classfication report:
             precision    recall  f1-score   support

        0.0       0.79      0.84      0.81       166
        1.0       0.98      0.98      0.98       174
        2.0       1.00      0.96      0.98        68
        3.0       0.97      1.00      0.99       111
        4.0       0.79      0.74      0.77       162
        5.0       0.99      0.99      0.99       111
        6.0       0.96      0.95      0.95       164
        7.0       0.99      1.00      1.00       158

avg / total       0.92      0.92      0.92      1114
The training error is 0.937475878039
Cross Validation:
[ 0.90839695  0.90076336  0.91187739  0.94252874  0.90804598  0.90769231
  0.8957529   0.89883268  0.92125984  0.92913386].
############################################################################
The name of the group of features (+MFCC): mels
Confusion Matrix:
[[153   0   0   0  12   0   1   0]
 [  0 172   0   0   2   0   0   0]
 [  0   0  68   0   0   0   0   0]
 [  0   0   0 111   0   0   0   0]
 [ 31   0   0   2 124   0   5   0]
 [  0   0   0   0   0 110   0   1]
 [  2   0   0   0   2   0 160   0]
 [  0   0   0   0   0   0   0 158]]
Classfication report:
             precision    recall  f1-score   support

        0.0       0.82      0.92      0.87       166
        1.0       1.00      0.99      0.99       174
        2.0       1.00      1.00      1.00        68
        3.0       0.98      1.00      0.99       111
        4.0       0.89      0.77      0.82       162
        5.0       1.00      0.99      1.00       111
        6.0       0.96      0.98      0.97       164
        7.0       0.99      1.00      1.00       158

avg / total       0.95      0.95      0.95      1114
The training error is 0.956773446546
Cross Validation:
[ 0.93129771  0.95038168  0.92720307  0.95019157  0.92720307  0.93076923
  0.96525097  0.95719844  0.94094488  0.93700787].
############################################################################
The name of the group of features (+MFCC):lsf
Confusion Matrix:
[[157   0   0   0   9   0   0   0]
 [  1 172   0   0   1   0   0   0]
 [  0   0  68   0   0   0   0   0]
 [  0   0   0 110   1   0   0   0]
 [  9   0   1   0 150   1   1   0]
 [  0   0   0   0   1 110   0   0]
 [  1   0   0   0   6   0 157   0]
 [  0   0   0   0   0   0   0 158]]
Classfication report:
             precision    recall  f1-score   support

        0.0       0.93      0.95      0.94       166
        1.0       1.00      0.99      0.99       174
        2.0       0.99      1.00      0.99        68
        3.0       1.00      0.99      1.00       111
        4.0       0.89      0.93      0.91       162
        5.0       0.99      0.99      0.99       111
        6.0       0.99      0.96      0.98       164
        7.0       1.00      1.00      1.00       158

avg / total       0.97      0.97      0.97      1114
The training error is 0.980316480124
Cross Validation:
[ 0.97709924  0.96183206  0.96551724  0.98084291  0.96168582  0.96923077
  0.96138996  0.9844358   0.95669291  0.97637795].
############################################################################
The name of the group of features (+MFCC):ac
Confusion Matrix:
[[148   1   0   0  16   0   1   0]
 [  0 174   0   0   0   0   0   0]
 [  0   0  68   0   0   0   0   0]
 [  0   0   0 111   0   0   0   0]
 [ 33   3   1   2 115   0   7   1]
 [  0   0   0   1   0 110   0   0]
 [  5   0   0   0   3   0 156   0]
 [  0   0   0   0   0   0   1 157]]
Classfication report:
             precision    recall  f1-score   support

        0.0       0.80      0.89      0.84       166
        1.0       0.98      1.00      0.99       174
        2.0       0.99      1.00      0.99        68
        3.0       0.97      1.00      0.99       111
        4.0       0.86      0.71      0.78       162
        5.0       1.00      0.99      1.00       111
        6.0       0.95      0.95      0.95       164
        7.0       0.99      0.99      0.99       158

avg / total       0.93      0.93      0.93      1114
The training error is 0.944037051332
Cross Validation:
[ 0.90458015  0.92748092  0.89655172  0.93869732  0.90038314  0.91923077
  0.93050193  0.91439689  0.92125984  0.93307087].
############################################################################
The name of the group of features (+MFCC): ess
Confusion Matrix:
[[120   1   0   0  44   0   1   0]
 [  1 171   0   0   2   0   0   0]
 [  0   0  68   0   0   0   0   0]
 [  2   0   1 108   0   0   0   0]
 [ 42   5   0   0 109   0   4   2]
 [  0   0   0   1   0 109   0   1]
 [  8   0   0   1   1   0 154   0]
 [  0   0   0   0   0   0   1 157]]
Classfication report:
             precision    recall  f1-score   support

        0.0       0.69      0.72      0.71       166
        1.0       0.97      0.98      0.97       174
        2.0       0.99      1.00      0.99        68
        3.0       0.98      0.97      0.98       111
        4.0       0.70      0.67      0.69       162
        5.0       1.00      0.98      0.99       111
        6.0       0.96      0.94      0.95       164
        7.0       0.98      0.99      0.99       158

avg / total       0.89      0.89      0.89      1114
The training error is 0.889617908144
Cross Validation:
[ 0.90839695  0.90076336  0.86590038  0.85440613  0.88122605  0.88846154
  0.84942085  0.85992218  0.87795276  0.89370079].
############################################################################
The name of the group of features (+MFCC): lx
Confusion Matrix:
[[155   0   0   0  11   0   0   0]
 [  1 172   1   0   0   0   0   0]
 [  0   0  68   0   0   0   0   0]
 [  0   0   0 109   2   0   0   0]
 [ 11   0   3   0 145   0   3   0]
 [  0   0   0   0   1 110   0   0]
 [  0   0   1   0   4   0 159   0]
 [  0   0   0   0   0   0   0 158]]
Classfication report:
             precision    recall  f1-score   support

        0.0       0.93      0.93      0.93       166
        1.0       1.00      0.99      0.99       174
        2.0       0.93      1.00      0.96        68
        3.0       1.00      0.98      0.99       111
        4.0       0.89      0.90      0.89       162
        5.0       1.00      0.99      1.00       111
        6.0       0.98      0.97      0.98       164
        7.0       1.00      1.00      1.00       158

avg / total       0.97      0.97      0.97      1114
The training error is 0.974527209572
Cross Validation:
[ 0.95801527  0.96946565  0.96551724  0.95785441  0.97701149  0.95769231
  0.95752896  0.9688716   0.94488189  0.96456693].
############################################################################
The name of the group of features (+MFCC): psh
Confusion Matrix:
[[127   1   1   0  33   0   4   0]
 [  1 172   1   0   0   0   0   0]
 [  0   4  61   1   1   0   0   1]
 [  2   0   1 107   1   0   0   0]
 [ 30   4   1   1 117   1   5   3]
 [  1   0   0   0   0 109   0   1]
 [  6   0   0   1   2   0 155   0]
 [  0   0   1   0   0   0   0 157]]
Classfication report:
             precision    recall  f1-score   support

        0.0       0.76      0.77      0.76       166
        1.0       0.95      0.99      0.97       174
        2.0       0.92      0.90      0.91        68
        3.0       0.97      0.96      0.97       111
        4.0       0.76      0.72      0.74       162
        5.0       0.99      0.98      0.99       111
        6.0       0.95      0.95      0.95       164
        7.0       0.97      0.99      0.98       158

avg / total       0.90      0.90      0.90      1114
The training error is 0.903512157468
Cross Validation:
[ 0.88167939  0.91984733  0.8697318   0.87356322  0.90804598  0.89615385
  0.88803089  0.90661479  0.89370079  0.9015748 ].
############################################################################
The name of the group of features (+MFCC): sf
Confusion Matrix:
[[130   1   1   0  33   0   1   0]
 [  0 172   0   0   2   0   0   0]
 [  2   0  64   1   1   0   0   0]
 [  0   0   0 110   0   0   1   0]
 [ 29   1   0   0 129   0   3   0]
 [  2   0   0   1   1 107   0   0]
 [  8   0   0   1   2   0 153   0]
 [  0   0   0   0   0   0   0 158]]
Classfication report:
             precision    recall  f1-score   support

        0.0       0.76      0.78      0.77       166
        1.0       0.99      0.99      0.99       174
        2.0       0.98      0.94      0.96        68
        3.0       0.97      0.99      0.98       111
        4.0       0.77      0.80      0.78       162
        5.0       1.00      0.96      0.98       111
        6.0       0.97      0.93      0.95       164
        7.0       1.00      1.00      1.00       158

avg / total       0.92      0.92      0.92      1114
The training error is 0.913160941721
Cross Validation:
[ 0.90458015  0.91603053  0.89272031  0.88888889  0.89655172  0.92307692
  0.89189189  0.90272374  0.91338583  0.91338583].
############################################################################
The name of the group of features (+MFCC): cdod
Confusion Matrix:
[[135   1   0   0  28   0   2   0]
 [  0 173   0   0   1   0   0   0]
 [  1   0  67   0   0   0   0   0]
 [  0   0   0 111   0   0   0   0]
 [ 37   4   1   2 114   0   4   0]
 [  0   0   0   1   0 110   0   0]
 [  6   0   0   0   4   0 154   0]
 [  0   0   0   0   0   0   0 158]]
Classfication report:
             precision    recall  f1-score   support

        0.0       0.75      0.81      0.78       166
        1.0       0.97      0.99      0.98       174
        2.0       0.99      0.99      0.99        68
        3.0       0.97      1.00      0.99       111
        4.0       0.78      0.70      0.74       162
        5.0       1.00      0.99      1.00       111
        6.0       0.96      0.94      0.95       164
        7.0       1.00      1.00      1.00       158

avg / total       0.92      0.92      0.92      1114
The training error is 0.922423774604
Cross Validation:
[ 0.90076336  0.90076336  0.90038314  0.92720307  0.89655172  0.92307692
  0.93050193  0.90661479  0.92519685  0.93307087].
############################################################################
The name of the group of features (+MFCC): hi
Confusion Matrix:
[[140   1   1   0  21   1   2   0]
 [  0 170   0   0   4   0   0   0]
 [  0   0  68   0   0   0   0   0]
 [  0   0   1 110   0   0   0   0]
 [ 36   3   0   2 110   0  10   1]
 [  0   0   0   1   1 109   0   0]
 [  6   0   0   0   3   0 155   0]
 [  1   0   0   0   0   0   1 156]]
Classfication report:
             precision    recall  f1-score   support

        0.0       0.77      0.84      0.80       166
        1.0       0.98      0.98      0.98       174
        2.0       0.97      1.00      0.99        68
        3.0       0.97      0.99      0.98       111
        4.0       0.79      0.68      0.73       162
        5.0       0.99      0.98      0.99       111
        6.0       0.92      0.95      0.93       164
        7.0       0.99      0.99      0.99       158

avg / total       0.91      0.91      0.91      1114
The training error is 0.913546893091
Cross Validation:
[ 0.90458015  0.90839695  0.87739464  0.88505747  0.89272031  0.89615385
  0.9034749   0.90272374  0.94094488  0.92519685].
############################################################################
The name of the group of features (+MFCC): sss
Confusion Matrix:
[[134   1   0   0  28   0   3   0]
 [  1 173   0   0   0   0   0   0]
 [  1   0  67   0   0   0   0   0]
 [  0   0   1 110   0   0   0   0]
 [ 29   0   4   0 124   0   5   0]
 [  1   0   0   1   1 108   0   0]
 [  6   0   0   1   1   0 156   0]
 [  0   0   0   0   0   0   0 158]]
Classfication report:
             precision    recall  f1-score   support

        0.0       0.78      0.81      0.79       166
        1.0       0.99      0.99      0.99       174
        2.0       0.93      0.99      0.96        68
        3.0       0.98      0.99      0.99       111
        4.0       0.81      0.77      0.78       162
        5.0       1.00      0.97      0.99       111
        6.0       0.95      0.95      0.95       164
        7.0       1.00      1.00      1.00       158

avg / total       0.92      0.92      0.92      1114
The training error is 0.927827093786
Cross Validation:
[ 0.90076336  0.9389313   0.89655172  0.91187739  0.93103448  0.93461538
  0.91119691  0.93385214  0.91338583  0.94094488].
############################################################################
The name of the group of features (+MFCC): mags
Confusion Matrix:
[[163   0   0   0   3   0   0   0]
 [  0 174   0   0   0   0   0   0]
 [  0   0  68   0   0   0   0   0]
 [  0   0   0 111   0   0   0   0]
 [  8   1   0   0 153   0   0   0]
 [  0   0   0   0   0 110   0   1]
 [  0   0   0   1   0   1 162   0]
 [  0   0   0   0   0   0   0 158]]
Classfication report:
             precision    recall  f1-score   support

        0.0       0.95      0.98      0.97       166
        1.0       0.99      1.00      1.00       174
        2.0       1.00      1.00      1.00        68
        3.0       0.99      1.00      1.00       111
        4.0       0.98      0.94      0.96       162
        5.0       0.99      0.99      0.99       111
        6.0       1.00      0.99      0.99       164
        7.0       0.99      1.00      1.00       158

avg / total       0.99      0.99      0.99      1114
The training error is 1.0
Cross Validation:
[ 0.96946565  0.98473282  0.96934866  0.98084291  0.97701149  0.98461538
  0.98455598  0.9922179   0.96456693  0.98425197].
############################################################################
The name of the group of features (+MFCC): sfpb
Confusion Matrix:
[[159   0   0   0   6   0   1   0]
 [  0 174   0   0   0   0   0   0]
 [  0   0  67   0   1   0   0   0]
 [  0   0   0 111   0   0   0   0]
 [  5   0   0   0 157   0   0   0]
 [  0   0   0   0   0 111   0   0]
 [  2   0   0   0   2   0 160   0]
 [  0   0   0   0   0   0   0 158]]
Classfication report:
             precision    recall  f1-score   support

        0.0       0.96      0.96      0.96       166
        1.0       1.00      1.00      1.00       174
        2.0       1.00      0.99      0.99        68
        3.0       1.00      1.00      1.00       111
        4.0       0.95      0.97      0.96       162
        5.0       1.00      1.00      1.00       111
        6.0       0.99      0.98      0.98       164
        7.0       1.00      1.00      1.00       158

avg / total       0.98      0.98      0.98      1114
The training error is 0.992666923968
Cross Validation:
[ 0.97709924  0.97709924  0.97701149  0.98850575  0.98084291  0.97692308
  0.98069498  0.9766537   0.97244094  0.97637795].
############################################################################
The name of the group of features (+MFCC): mfcc_only
Confusion Matrix:
[[113   1   1   0  49   0   2   0]
 [  1 171   1   0   1   0   0   0]
 [  1   4  60   1   1   0   0   1]
 [  0   1   1 108   0   0   1   0]
 [ 38   4   1   0 114   0   3   2]
 [  0   0   0   1   0 109   0   1]
 [  8   0   0   1   2   0 153   0]
 [  0   0   1   0   0   0   1 156]]
Classfication report:
             precision    recall  f1-score   support

        0.0       0.70      0.68      0.69       166
        1.0       0.94      0.98      0.96       174
        2.0       0.92      0.88      0.90        68
        3.0       0.97      0.97      0.97       111
        4.0       0.68      0.70      0.69       162
        5.0       1.00      0.98      0.99       111
        6.0       0.96      0.93      0.94       164
        7.0       0.97      0.99      0.98       158

avg / total       0.88      0.88      0.88      1114
The training error is 0.87958317252
Cross Validation:
[ 0.8778626   0.8778626   0.83908046  0.8467433   0.88122605  0.87692308
  0.84169884  0.85214008  0.88188976  0.88976378].
############################################################################
The name of the group of features (+MFCC): obsir
Confusion Matrix:
[[146   0   0   0  19   1   0   0]
 [  0 172   2   0   0   0   0   0]
 [  0   0  68   0   0   0   0   0]
 [  0   0   0 110   1   0   0   0]
 [ 31   0   0   1 126   0   4   0]
 [  0   0   0   0   0 111   0   0]
 [  5   0   1   0   2   0 156   0]
 [  0   0   0   0   0   0   0 158]]
Classfication report:
             precision    recall  f1-score   support

        0.0       0.80      0.88      0.84       166
        1.0       1.00      0.99      0.99       174
        2.0       0.96      1.00      0.98        68
        3.0       0.99      0.99      0.99       111
        4.0       0.85      0.78      0.81       162
        5.0       0.99      1.00      1.00       111
        6.0       0.97      0.95      0.96       164
        7.0       1.00      1.00      1.00       158

avg / total       0.94      0.94      0.94      1114
The training error is 0.945194905442
Cross Validation:
[ 0.91221374  0.92366412  0.91954023  0.94252874  0.9348659   0.94230769
  0.93436293  0.94941634  0.92913386  0.93307087].
############################################################################
